8.983475140948491422e-01
9.434907604169402440e-01
9.894875559584386249e-01
9.908088837430012452e-01
9.243202539273032148e-01
9.622008430112490851e-01
9.687816557069878209e-01
9.716952844282509272e-01
9.828769618004279396e-01
9.924325171541440449e-01
9.995829545808011529e-01
9.586707585869883586e-01
9.602661010022029986e-01
9.492725825182652954e-01
9.809111955062691512e-01
9.439513485689384753e-01
9.913668199189814567e-01
9.235872244367502315e-01
9.661938242883248984e-01
9.585901350904793006e-01
9.622008430112490851e-01
9.243202539273032148e-01
9.622008430112490851e-01
9.170730899243902945e-01
9.622008430112490851e-01
9.585901350904793006e-01
9.368046629587566398e-01
9.622008430112490851e-01
8.997765628609655231e-01
9.587665493683138473e-01
9.153569704044773880e-01
9.969557023087937120e-01
9.706564224045060030e-01
9.437090942081622913e-01
8.997765628609655231e-01
9.661938242883248984e-01
9.467629090464488861e-01
9.661938242883248984e-01
9.488825115433627833e-01
9.521771587113064816e-01
9.414124210515202318e-01
9.941984290165527538e-01
9.521771587113064816e-01
9.857360088365869633e-01
9.289188648742358057e-01
9.289297498784384599e-01
8.987839472668717189e-01
9.746146814793874569e-01
8.359972216097298903e-01
9.521771587113064816e-01
9.661938242883248984e-01
9.878026089102251994e-01
9.795854539120666393e-01
9.026963086958942339e-01
9.381194504377426968e-01
9.765021104670550400e-01
9.632130491287795859e-01
9.797277753517249499e-01
9.880261214485256405e-01
9.206149762941462367e-01
9.746275387890763753e-01
9.188249692619175901e-01
9.672884392184566416e-01
9.436571186477272777e-01
9.938559440674537004e-01
8.610836017940194376e-01
9.509204372656449022e-01
9.521771587113064816e-01
9.901627297117052695e-01
9.072447096212744588e-01
9.893275545289386130e-01
9.602406936638659962e-01
9.472600666909386513e-01
9.707337474950725742e-01
9.921772039360844397e-01
9.768534486838902353e-01
9.898055544636208403e-01
9.585901350904793006e-01
9.661938242883248984e-01
9.845980252249814102e-01
9.689517079420137957e-01
9.423005238737592881e-01
9.134988921686051366e-01
9.036554425804466106e-01
9.817651805465920090e-01
9.946516883260765329e-01
8.273822718841167267e-01
9.593018791231964215e-01
9.414124210515202318e-01
9.622008430112490851e-01
9.356268121846872399e-01
9.661938242883248984e-01
8.901549262365833215e-01
9.661938242883248984e-01
9.465247740352732420e-01
9.199745486207889789e-01
9.349904877006045556e-01
8.761639647151007182e-01
9.787851905928941498e-01
8.601375636773649358e-01
9.585901350904793006e-01
9.585901350904793006e-01
9.958777124215735244e-01
9.492725825182652954e-01
9.916301401567126916e-01
8.453919751666473248e-01
8.460569103435632288e-01
9.781856913069987280e-01
9.908877822463066920e-01
9.883781341218147443e-01
9.153869158783458637e-01
9.702252462353341267e-01
9.499143942479253422e-01
9.266585931518983577e-01
9.521771587113064816e-01
9.206149762941462367e-01
9.222356249998059363e-01
9.302417823715515288e-01
9.713611042439611598e-01
9.688926167558912228e-01
9.243202539273032148e-01
9.661938242883248984e-01
8.875536273168513901e-01
9.787012728575928966e-01
9.180244349782584745e-01
9.661938242883248984e-01
9.585901350904793006e-01
9.492725825182652954e-01
9.492725825182652954e-01
9.661938242883248984e-01
9.661938242883248984e-01
9.692828058192209939e-01
9.622008430112490851e-01
9.585901350904793006e-01
9.439106878044651872e-01
9.262418179111899796e-01
9.730959785996280420e-01
9.622008430112490851e-01
9.856919011623572757e-01
9.622008430112490851e-01
9.453343346827426386e-01
9.669341499435115672e-01
9.782468796965428925e-01
8.641862030855397281e-01
9.585901350904793006e-01
8.696471033751383972e-01
9.522615093006044917e-01
9.803548386479665755e-01
9.262418179111899796e-01
9.622008430112490851e-01
9.622008430112490851e-01
8.685374288033669288e-01
9.613309923514095079e-01
9.390157376332359807e-01
9.227707400842338759e-01
9.741991141650023778e-01
9.329002419357053100e-01
9.661938242883248984e-01
9.136744775808151031e-01
9.661938242883248984e-01
9.992002998211898523e-01
9.585901350904793006e-01
9.176565031130882177e-01
9.624306504947389707e-01
9.187583807494068555e-01
9.870004699725766217e-01
9.119785307155797716e-01
9.492725825182652954e-01
9.465944518584061829e-01
9.521771587113064816e-01
9.493267786953081266e-01
9.890104416573339829e-01
9.475555712738457093e-01
9.642339035974507588e-01
9.629363368812640100e-01
9.324263344471811488e-01
9.915001047487643770e-01
9.057046399276627024e-01
8.547810618938789240e-01
9.521771587113064816e-01
9.941684671787244243e-01
9.506870215925793399e-01
9.585901350904793006e-01
9.115506383926386125e-01
9.740342059623684490e-01
9.585901350904793006e-01
9.492725825182652954e-01
9.929582323657369924e-01
9.492725825182652954e-01
9.585901350904793006e-01
9.517945743678143389e-01
9.278912583451397467e-01
9.332147885411554711e-01
9.661938242883248984e-01
9.661938242883248984e-01
9.793229467251789444e-01
9.622008430112490851e-01
9.757976901053586616e-01
9.714501551644906252e-01
9.606196953170551556e-01
9.309631357070325963e-01
9.465247740352732420e-01
9.943068139144976003e-01
9.661938242883248984e-01
9.776599844170125175e-01
9.585901350904793006e-01
9.589173162697867125e-01
9.585901350904793006e-01
9.622008430112490851e-01
8.270193808904295896e-01
9.828486297354913637e-01
8.827544554867923221e-01
8.983475140948491422e-01
9.661938242883248984e-01
9.661938242883248984e-01
9.809266850902718105e-01
9.661938242883248984e-01
9.521771587113064816e-01
9.622008430112490851e-01
9.622008430112490851e-01
9.947851801948516259e-01
9.390157376332359807e-01
9.276542979800396216e-01
8.969378704386113954e-01
9.924503867558052139e-01
9.795308716267406846e-01
9.492725825182652954e-01
9.967870169831264393e-01
9.492725825182652954e-01
8.983475140948491422e-01
9.661938242883248984e-01
9.622008430112490851e-01
9.947077667230910247e-01
9.914314461595150618e-01
8.969378704386113954e-01
9.661938242883248984e-01
9.414124210515202318e-01
9.881697738526633579e-01
9.845189908485744157e-01
9.796684145202354532e-01
9.661938242883248984e-01
7.639725655895071021e-01
9.585901350904793006e-01
9.701646778238848245e-01
9.661938242883248984e-01
9.521771587113064816e-01
9.785104271469838855e-01
9.390157376332359807e-01
9.661938242883248984e-01
9.583418946404925753e-01
9.582129540835265802e-01
9.733391986395720785e-01
9.492725825182652954e-01
9.282142230709105046e-01
9.661938242883248984e-01
9.853032332049160846e-01
7.709245928919731261e-01
7.709320691524370606e-01
9.661938242883248984e-01
9.969204313496543568e-01
9.853693272152210803e-01
9.344829839322951193e-01
9.585901350904793006e-01
9.344829839322951193e-01
9.224457514839266015e-01
9.661938242883248984e-01
9.457020861725572436e-01
9.980302674742864699e-01
9.823658336298477511e-01
9.585901350904793006e-01
9.893285255585757554e-01
9.072447096212744588e-01
9.834600475434137623e-01
9.580231182267223700e-01
9.946524876999343068e-01
9.974053782887588593e-01
9.782213538283889287e-01
9.585901350904793006e-01
9.585901350904793006e-01
8.928327612235896771e-01
9.585901350904793006e-01
9.198055334481358702e-01
9.661938242883248984e-01
9.344829839322951193e-01
9.282142230709105046e-01
9.973229772715881403e-01
9.622008430112490851e-01
9.763639186020776073e-01
9.414124210515202318e-01
9.622008430112490851e-01
9.622008430112490851e-01
9.136744775808151031e-01
9.681334585296706985e-01
9.367424876094626596e-01
9.954757579803856782e-01
9.453295365121439087e-01
9.842086447130541371e-01
9.661938242883248984e-01
9.661938242883248984e-01
9.423959474836650640e-01
9.552690318130194758e-01
8.623496020528267358e-01
9.661938242883248984e-01
9.429527755683574375e-01
9.521771587113064816e-01
9.661938242883248984e-01
9.510024989522605221e-01
9.063510610911481580e-01
9.390157376332359807e-01
8.308545386558819912e-01
8.888468571705482324e-01
9.465247740352732420e-01
9.721696272982132125e-01
9.661938242883248984e-01
9.661938242883248984e-01
9.439106878044651872e-01
9.014509402763355439e-01
9.492725825182652954e-01
9.767388656416968740e-01
9.492725825182652954e-01
9.756730622613849491e-01
9.874018416675007792e-01
9.788986341498960853e-01
9.661938242883248984e-01
9.958444385529232612e-01
9.622008430112490851e-01
9.978133128475686897e-01
9.622008430112490851e-01
9.877722835693143466e-01
9.046869157263466299e-01
9.609103282412654323e-01
9.787766162575864959e-01
9.012258593557878061e-01
9.812183827007830983e-01
9.724382620640907859e-01
9.622008430112490851e-01
9.216562318232180973e-01
9.622008430112490851e-01
9.661938242883248984e-01
9.439722356198168018e-01
9.869106819868563862e-01
9.641959626365820268e-01
9.322792233720929023e-01
9.304488260142063094e-01
9.621800876356264576e-01
8.996139706907700928e-01
9.661938242883248984e-01
9.521771587113064816e-01
9.057737499793536706e-01
9.640396331351154258e-01
9.661938242883248984e-01
9.622008430112490851e-01
9.622008430112490851e-01
9.367090957419351716e-01
9.873515329483887326e-01
9.753600436064566725e-01
9.825882764191710139e-01
9.186031082182926077e-01
9.181759486631588807e-01
9.752171245121965537e-01
9.187465714881972723e-01
9.661938242883248984e-01
9.661938242883248984e-01
9.661146391064866501e-01
9.547313966784639616e-01
9.796722383399237843e-01
9.552690318130194758e-01
9.552690318130194758e-01
9.656962480832675944e-01
9.088103265929556862e-01
9.497966710737894003e-01
9.585901350904793006e-01
9.537253382333599205e-01
9.232893709727455489e-01
9.206149762941462367e-01
9.622008430112490851e-01
9.622008430112490851e-01
9.799526052875529025e-01
9.552690318130194758e-01
9.521771587113064816e-01
9.762228047948418030e-01
9.661938242883248984e-01
8.886434661949073055e-01
9.258689797948340683e-01
9.953381164741041953e-01
9.661938242883248984e-01
9.980397336025582655e-01
9.622008430112490851e-01
9.622008430112490851e-01
7.215565021837805348e-01
7.935208823222582586e-01
8.800048650003501338e-01
8.517978905052459027e-01
9.585901350904793006e-01
9.661938242883248984e-01
9.217567553141592374e-01
9.622008430112490851e-01
9.858645906743813692e-01
8.666112924526984118e-01
8.439540453669790443e-01
9.661938242883248984e-01
9.521771587113064816e-01
9.984122639418538947e-01
9.873270707253529732e-01
9.622008430112490851e-01
8.290419212871914523e-01
9.684511022589793461e-01
9.306779331607576422e-01
9.390157376332359807e-01
9.390157376332359807e-01
9.655522357251301591e-01
9.798158776342427156e-01
9.661938242883248984e-01
9.551977314970641064e-01
9.761856764599678993e-01
9.707250861130575226e-01
9.661938242883248984e-01
9.136744775808151031e-01
9.622008430112490851e-01
8.866662364835025123e-01
9.834815864456825096e-01
9.585901350904793006e-01
9.898014152639105223e-01
9.772843578966373679e-01
9.661938242883248984e-01
9.414124210515202318e-01
8.518675262082431310e-01
9.772478784979081734e-01
9.363749037159035948e-01
9.622008430112490851e-01
8.828497372625496720e-01
9.820479323037962782e-01
9.554676790254192920e-01
9.777133987777943958e-01
9.661938242883248984e-01
8.776866025524334702e-01
9.766884957276575907e-01
9.622008430112490851e-01
9.661938242883248984e-01
8.753384023703818517e-01
8.983475140948491422e-01
9.622008430112490851e-01
8.351621090036756012e-01
9.622008430112490851e-01
9.854102941688838158e-01
8.730322777198813444e-01
9.765728885783033775e-01
9.282142230709105046e-01
9.521771587113064816e-01
9.139614309658083968e-01
9.775589462194727020e-01
9.661938242883248984e-01
9.661938242883248984e-01
9.585901350904793006e-01
9.621900031242320850e-01
8.861224714677343739e-01
9.951549117627611629e-01
9.661938242883248984e-01
9.597847147861335859e-01
8.907533589815590513e-01
9.611661788744607637e-01
9.710608894879062536e-01
9.661938242883248984e-01
9.622008430112490851e-01
9.616671927849886892e-01
9.811549518117109736e-01
9.492725825182652954e-01
9.407465723750938480e-01
9.742435689098535301e-01
7.030292946843798019e-01
9.492725825182652954e-01
9.552690318130194758e-01
9.846817131703062831e-01
9.521771587113064816e-01
8.737952779852391494e-01
8.602250207112559499e-01
8.601927004798353149e-01
8.601710014538181959e-01
9.409612384251970774e-01
9.552690318130194758e-01
9.831608069740370714e-01
9.982218816330858946e-01
9.492327117396682779e-01
9.622008430112490851e-01
9.585901350904793006e-01
9.854806463293186436e-01
8.941737058982895947e-01
9.721453059349295378e-01
9.585901350904793006e-01
9.621689800209343169e-01
9.169170883043238351e-01
9.262418179111899796e-01
8.085552518957516144e-01
9.882955845911843840e-01
8.837580454055036228e-01
9.367090957419351716e-01
8.883674596419993685e-01
9.707250861130575226e-01
9.697246306050657516e-01
9.585901350904793006e-01
9.262418179111899796e-01
9.871466492336539167e-01
9.928096972034997636e-01
9.976811904909850259e-01
9.243202539273032148e-01
9.942132771990310758e-01
9.661938242883248984e-01
9.012258593557878061e-01
7.023051361274663673e-01
9.816345582420010762e-01
9.461447380137668617e-01
9.708473365065176663e-01
9.437936738432698425e-01
8.538532129698774842e-01
9.661938242883248984e-01
9.414124210515202318e-01
9.521771587113064816e-01
9.661938242883248984e-01
9.622008430112490851e-01
9.661938242883248984e-01
9.585901350904793006e-01
9.585901350904793006e-01
9.000972517627373604e-01
9.744400500117155195e-01
9.257526323352993636e-01
9.468136482773646945e-01
9.820149392180907988e-01
9.661938242883248984e-01
9.785666993376832545e-01
9.057046399276627024e-01
9.325893545916514871e-01
9.879655193509945255e-01
9.661938242883248984e-01
9.603717672722958953e-01
9.729574240694988108e-01
9.729964977848115648e-01
9.983844860631976292e-01
9.170730899243902945e-01
8.800793524352321651e-01
9.622008430112490851e-01
9.367090957419351716e-01
9.609605973288539715e-01
9.120236817509470573e-01
9.734177449584900943e-01
9.622008430112490851e-01
9.960566068445496635e-01
9.468335124890513432e-01
9.622008430112490851e-01
9.897665126094133958e-01
9.105860233352002231e-01
9.497802036607987386e-01
9.585901350904793006e-01
9.090549834541766794e-01
8.521461726026338113e-01
9.791484825243992329e-01
9.943852333849044767e-01
9.492900089502509520e-01
9.750760997989667000e-01
9.125818163793161242e-01
9.360148245607028406e-01
9.786804850779918796e-01
8.047713268705214418e-01
9.909861413825624687e-01
9.552690318130194758e-01
9.661938242883248984e-01
9.344829839322951193e-01
9.414124210515202318e-01
9.282786625261366664e-01
9.622008430112490851e-01
8.511482309905651356e-01
9.521771587113064816e-01
9.661938242883248984e-01
9.088103265929556862e-01
9.622008430112490851e-01
7.740006299252985000e-01
9.622008430112490851e-01
9.622008430112490851e-01
9.622008430112490851e-01
9.695616641345347064e-01
9.585901350904793006e-01
9.984864373327487774e-01
9.760041280318036971e-01
7.687468006483408889e-01
9.622008430112490851e-01
9.585901350904793006e-01
9.745486617170289190e-01
9.302417823715515288e-01
9.026963086958942339e-01
9.282142230709105046e-01
9.104028304754308021e-01
9.153569704044773880e-01
9.661938242883248984e-01
9.622008430112490851e-01
9.492725825182652954e-01
9.769973535400651166e-01
9.465247740352732420e-01
8.695636965962313392e-01
9.326670691923895085e-01
9.661938242883248984e-01
9.740229407702859499e-01
9.417878495156053464e-01
9.302417823715515288e-01
9.724626336564321516e-01
9.492725825182652954e-01
9.581014434422731041e-01
9.088103265929556862e-01
8.558629447732249984e-01
9.664651405336649459e-01
9.206149762941462367e-01
8.671154283195627865e-01
9.622008430112490851e-01
9.585901350904793006e-01
9.622008430112490851e-01
9.661938242883248984e-01
9.821622230501410034e-01
9.414124210515202318e-01
9.414124210515202318e-01
9.703297859765439570e-01
9.188249692619175901e-01
9.188249692619175901e-01
9.710029022528718912e-01
9.585901350904793006e-01
9.026963086958942339e-01
9.661938242883248984e-01
9.622008430112490851e-01
9.962841885405532283e-01
9.679814405262889832e-01
9.661938242883248984e-01
9.585901350904793006e-01
8.746825518151334355e-01
9.108617741398774559e-01
9.450013208308875035e-01
9.619346075789485528e-01
9.492725825182652954e-01
9.933244180532820877e-01
7.098211621832275497e-01
9.622008430112490851e-01
9.661938242883248984e-01
7.693469829002822502e-01
8.912360863712135428e-01
9.390157376332359807e-01
9.622008430112490851e-01
9.247210914143024763e-01
9.585901350904793006e-01
8.470969120423426091e-01
8.512283745562756465e-01
9.917673068416709148e-01
9.414124210515202318e-01
9.661938242883248984e-01
9.044048882728668026e-01
8.439771602882559787e-01
9.812726013364796440e-01
9.622008430112490851e-01
9.622008430112490851e-01
8.975138876043060598e-01
9.308780426044027667e-01
9.120236817509470573e-01
9.224457514839266015e-01
9.661938242883248984e-01
9.188249692619175901e-01
9.746634565182585863e-01
9.218686920422451969e-01
9.246146636296956878e-01
9.813264392908750411e-01
9.414124210515202318e-01
9.585901350904793006e-01
9.398128337009717947e-01
9.801839674059620311e-01
9.439106878044651872e-01
9.622008430112490851e-01
9.106998490238664701e-01
9.714100704509298634e-01
9.661938242883248984e-01
9.661938242883248984e-01
9.270265922617458854e-01
9.282142230709105046e-01
9.136744775808151031e-01
9.572843465500159299e-01
8.400867717816891123e-01
8.800793524352321651e-01
9.439106878044651872e-01
9.585901350904793006e-01
9.719197282123857029e-01
8.789892686384596088e-01
9.661938242883248984e-01
9.727263100856543554e-01
9.390157376332359807e-01
9.585901350904793006e-01
9.262418179111899796e-01
9.136744775808151031e-01
9.206149762941462367e-01
9.661938242883248984e-01
9.910716174595618488e-01
9.246328785456431332e-01
9.951287179082780598e-01
9.953664800885096975e-01
8.652613146228477214e-01
8.983475140948491422e-01
9.302417823715515288e-01
9.153569704044773880e-01
9.760973286733622967e-01
9.844946375499582514e-01
9.224695673811673657e-01
9.979809329270163953e-01
9.661938242883248984e-01
9.661938242883248984e-01
9.120236817509470573e-01
9.552690318130194758e-01
9.846338769250351231e-01
9.195365153148177262e-01
9.104028304754308021e-01
8.730322777198813444e-01
9.971873836371171196e-01
9.801065207086069320e-01
9.661938242883248984e-01
9.995681005990392221e-01
9.993553388433472628e-01
9.203555050659626424e-01
8.788772447650449182e-01
9.585901350904793006e-01
8.685374288033669288e-01
9.585901350904793006e-01
9.661938242883248984e-01
9.567812319274302535e-01
9.278516256701991871e-01
9.661938242883248984e-01
9.634266379306399841e-01
9.876749072497456039e-01
9.622008430112490851e-01
9.273712653379956317e-01
9.758772757087649241e-01
9.661938242883248984e-01
9.390157376332359807e-01
8.784148333708972078e-01
9.414124210515202318e-01
9.661938242883248984e-01
9.153569704044773880e-01
8.730322777198813444e-01
9.585901350904793006e-01
9.986908657250818111e-01
9.367090957419351716e-01
9.939128354649625630e-01
9.521771587113064816e-01
9.465579237318706429e-01
9.945196828125717481e-01
9.601861783054453925e-01
9.949067076571498358e-01
9.871832252707184452e-01
9.521771587113064816e-01
9.723970329103612809e-01
9.642280174815346383e-01
9.960854741269818957e-01
9.661938242883248984e-01
9.917340410144753760e-01
9.946620944768347350e-01
9.661938242883248984e-01
9.521771587113064816e-01
9.661938242883248984e-01
9.622008430112490851e-01
9.517774645851677651e-01
9.960149688673383128e-01
8.944794659855281882e-01
9.661938242883248984e-01
9.910557609180580263e-01
9.363487890242238043e-01
9.206149762941462367e-01
9.552690318130194758e-01
9.752976542980034136e-01
9.622008430112490851e-01
8.736165326074236681e-01
9.367090957419351716e-01
9.613895477339254869e-01
9.661938242883248984e-01
8.739323486097965166e-01
9.552690318130194758e-01
9.661938242883248984e-01
8.707659737813401302e-01
9.585901350904793006e-01
9.622008430112490851e-01
9.622008430112490851e-01
9.971420832484657604e-01
9.367090957419351716e-01
9.390157376332359807e-01
9.661938242883248984e-01
9.206149762941462367e-01
9.661938242883248984e-01
9.843228138083681689e-01
9.759575560661621907e-01
9.622008430112490851e-01
9.585901350904793006e-01
9.206149762941462367e-01
9.179062093588394866e-01
9.492725825182652954e-01
9.871965956595533109e-01
9.929260615595162376e-01
9.153569704044773880e-01
9.875542839448934185e-01
9.585901350904793006e-01
8.914783714506678836e-01
9.645903890402697245e-01
9.758940345754807399e-01
9.948178483216977286e-01
8.875536273168513901e-01
9.875261839550424359e-01
9.454935401762769587e-01
9.854019103045029704e-01
8.639593088140389288e-01
9.912409759798518349e-01
9.262418179111899796e-01
9.153569704044773880e-01
9.206149762941462367e-01
9.745951280166770259e-01
9.893454830214800655e-01
9.104028304754308021e-01
9.914671835561627011e-01
9.936218461236786537e-01
8.949027417650997629e-01
9.869087024076427239e-01
9.739355015466962806e-01
9.903146001375728869e-01
9.421074715533790389e-01
9.622008430112490851e-01
9.136744775808151031e-01
9.870752813039551654e-01
9.552690318130194758e-01
9.892810943917977884e-01
9.980020297438275678e-01
9.751340679691068436e-01
9.648489490349752007e-01
9.884830535823763142e-01
9.547894714500352320e-01
9.898172470362396336e-01
9.829690223767000301e-01
9.120236817509470573e-01
9.206149762941462367e-01
9.843078090910180045e-01
9.895016153694928818e-01
9.891826424799312623e-01
9.169458891740964734e-01
9.661938242883248984e-01
9.390157376332359807e-01
9.672408453777513460e-01
9.396925881552971038e-01
9.188249692619175901e-01
9.120236817509470573e-01
9.903159898208165890e-01
8.555159659220898938e-01
9.170730899243902945e-01
9.622008430112490851e-01
9.552690318130194758e-01
9.465247740352732420e-01
9.984043906012622926e-01
9.842181248698916862e-01
9.344829839322951193e-01
9.900005218315826028e-01
9.905275667810627960e-01
9.917702685519489414e-01
9.696560587236593420e-01
9.923275748325559587e-01
9.920376106750334877e-01
9.933537429137839769e-01
9.891447817991610991e-01
9.243202539273032148e-01
9.986867054897197171e-01
9.962365563375717992e-01
9.414124210515202318e-01
9.224457514839266015e-01
9.874981232381152552e-01
9.442957633407620399e-01
9.262418179111899796e-01
9.072447096212744588e-01
9.723577838230396120e-01
9.892333576263110384e-01
8.590865077977060116e-01
9.465247740352732420e-01
9.779469390919979244e-01
9.942255025464983298e-01
9.465247740352732420e-01
9.736159738896197346e-01
9.807890322143060224e-01
9.773277667643035516e-01
9.661938242883248984e-01
9.552690318130194758e-01
9.622008430112490851e-01
8.606153210331146663e-01
9.492725825182652954e-01
9.775912896440583921e-01
9.622008430112490851e-01
9.262418179111899796e-01
9.549162089118951036e-01
9.648738881408401857e-01
9.237474710966944169e-01
9.913497865868213799e-01
9.552690318130194758e-01
9.562435236961794871e-01
9.874241116238163807e-01
9.661938242883248984e-01
9.984630091676098829e-01
9.262418179111899796e-01
9.854534238218454201e-01
9.153569704044773880e-01
9.188249692619175901e-01
9.661938242883248984e-01
9.974615094758109146e-01
9.661938242883248984e-01
9.622008430112490851e-01
9.408910616517542902e-01
9.661938242883248984e-01
9.982906407002354321e-01
9.439106878044651872e-01
8.528581971407455109e-01
7.115259039272554542e-01
9.282142230709105046e-01
9.182925034246963714e-01
8.674367188462207556e-01
9.767615253378356677e-01
9.431324344594269604e-01
9.638156448953709710e-01
9.585901350904793006e-01
9.911739098077323451e-01
9.367090957419351716e-01
9.344829839322951193e-01
9.439781194653099616e-01
9.057046399276627024e-01
9.439106878044651872e-01
9.205861815194520403e-01
8.812932742008586784e-01
9.188249692619175901e-01
9.552690318130194758e-01
9.910773306705414898e-01
9.985253623725939276e-01
9.120236817509470573e-01
9.882735440328875853e-01
9.661938242883248984e-01
9.206149762941462367e-01
9.600113719573831750e-01
9.824642322439162134e-01
9.574540661130503949e-01
9.661938242883248984e-01
9.079683431183784847e-01
9.657465442431739655e-01
9.160795751720248736e-01
8.631192206673072853e-01
9.991946480235073258e-01
9.414124210515202318e-01
8.441761284530370224e-01
9.685764309856262910e-01
9.747037614806693950e-01
9.414124210515202318e-01
9.472198369360809167e-01
9.923550091347054236e-01
9.187258427330694532e-01
8.509549903327855436e-01
9.778911306027929795e-01
9.585901350904793006e-01
8.914783714506678836e-01
9.521771587113064816e-01
9.922651811733814720e-01
9.136744775808151031e-01
9.610969750566807912e-01
9.971026249478287529e-01
8.535688316453087232e-01
9.729840675348311319e-01
9.820514402306985691e-01
9.585901350904793006e-01
9.697375371579991521e-01
9.999347558310812678e-01
8.657424968776710195e-01
9.302417823715515288e-01
9.594373182388555854e-01
8.528581971407455109e-01
9.170730899243902945e-01
9.901948639151236797e-01
9.923338970410480187e-01
9.767925491760897083e-01
9.624553163849487447e-01
9.992139293366886221e-01
9.585901350904793006e-01
9.863286009132377075e-01
9.482950500506349689e-01
9.521771587113064816e-01
9.994482215924704871e-01
9.622008430112490851e-01
9.661938242883248984e-01
9.999434818245648282e-01
9.661938242883248984e-01
9.243202539273032148e-01
9.733097891716292471e-01
9.862925247777710736e-01
9.622008430112490851e-01
9.661938242883248984e-01
9.960733452287746648e-01
8.539051730853128852e-01
9.179180105957783775e-01
9.044751568591463675e-01
8.558629447732249984e-01
9.994545858105069458e-01
9.915164894421570896e-01
9.521771587113064816e-01
9.465247740352732420e-01
9.661938242883248984e-01
9.622008430112490851e-01
9.801659825050910158e-01
9.235652942358626438e-01
9.893399015334105595e-01
8.969378704386113954e-01
9.792935802046461857e-01
9.521771587113064816e-01
8.696471033751383972e-01
9.744068959805299857e-01
9.719103610142321159e-01
9.465247740352732420e-01
9.724181079758076329e-01
9.104028304754308021e-01
8.986059060386065722e-01
8.875536273168513901e-01
9.243202539273032148e-01
9.188249692619175901e-01
9.622008430112490851e-01
9.771633785505980940e-01
9.869674625851275751e-01
9.670944164778263463e-01
9.661938242883248984e-01
9.890703061592658329e-01
9.881138970272663746e-01
9.759752418660715412e-01
9.585901350904793006e-01
9.585901350904793006e-01
9.120236817509470573e-01
9.814033039681910875e-01
9.120236817509470573e-01
9.622008430112490851e-01
9.958316098975916741e-01
9.545396082526043102e-01
9.855141174332124887e-01
9.585901350904793006e-01
9.490596700576328093e-01
9.775844499735414361e-01
9.766476731347202289e-01
9.661938242883248984e-01
9.585901350904793006e-01
8.670358013992273127e-01
9.776039854828635356e-01
9.749929024592793869e-01
9.492725825182652954e-01
9.552690318130194758e-01
8.861337037056137289e-01
9.622008430112490851e-01
9.419362260119735764e-01
9.736848479958402081e-01
9.243202539273032148e-01
9.572288585026046404e-01
9.188249692619175901e-01
9.429490415166085215e-01
9.787764441691082506e-01
9.585901350904793006e-01
9.887026970679859694e-01
9.206149762941462367e-01
9.904409177049682267e-01
8.851676749372908715e-01
9.927693049574317641e-01
9.243202539273032148e-01
9.521771587113064816e-01
9.663275425433751620e-01
9.947667154926257416e-01
9.557085298933482020e-01
9.945247990124755910e-01
9.945247990124755910e-01
9.262418179111899796e-01
9.738302235041138566e-01
9.839762066606503321e-01
9.862207157191100748e-01
9.804190258253953072e-01
6.866004792260704814e-01
9.022032325021810406e-01
9.719427145280404856e-01
9.445391973042662759e-01
9.915536471093933102e-01
9.371906750671836761e-01
9.661938242883248984e-01
9.242689398675811852e-01
9.465247740352732420e-01
9.416677932909766069e-01
9.997773985323119561e-01
9.585901350904793006e-01
9.604589965231971060e-01
8.518695709463872667e-01
8.211165278398684375e-01
9.796633996454898741e-01
9.855546968478983150e-01
9.665972579727550862e-01
9.764506441864787556e-01
9.136744775808151031e-01
9.661938242883248984e-01
9.795693309565856044e-01
9.661938242883248984e-01
9.888326880121502960e-01
9.661938242883248984e-01
8.518695709463872667e-01
9.972430594552595950e-01
9.934951159622612549e-01
9.465247740352732420e-01
9.985575593135380679e-01
9.864212327682174708e-01
8.238654961314222369e-01
9.956343856686415972e-01
9.808267188891862665e-01
8.209406170089112997e-01
9.492725825182652954e-01
9.188249692619175901e-01
9.991097323230491156e-01
9.661938242883248984e-01
9.439106878044651872e-01
9.188249692619175901e-01
9.689898407985888529e-01
9.262418179111899796e-01
9.979098604659485394e-01
9.979098604659485394e-01
9.612822510349386951e-01
9.834990068956088738e-01
9.979098604659485394e-01
9.492725825182652954e-01
9.390157376332359807e-01
9.742190312478843373e-01
9.850669372909210963e-01
9.816157490344664671e-01
9.980232952150671633e-01
9.578623849331336926e-01
9.465247740352732420e-01
9.120236817509470573e-01
9.622008430112490851e-01
9.860734876318753006e-01
8.518695709463872667e-01
9.948949158135454995e-01
9.081683167368396203e-01
9.994522516111026267e-01
9.188249692619175901e-01
9.619542313073481399e-01
9.616378435486431231e-01
9.057046399276627024e-01
9.516722722175731120e-01
9.670055500085403821e-01
9.661938242883248984e-01
9.819535079213924655e-01
9.622008430112490851e-01
9.498698004715275811e-01
9.243202539273032148e-01
9.661938242883248984e-01
9.136744775808151031e-01
9.854629248796662466e-01
9.170730899243902945e-01
9.874018432256050914e-01
9.874044201288493250e-01
7.133978722580434084e-01
7.133944391446969124e-01
7.133906560266930486e-01
9.492725825182652954e-01
9.170730899243902945e-01
9.863248290929027551e-01
9.661938242883248984e-01
9.661938242883248984e-01
9.622008430112490851e-01
9.552690318130194758e-01
9.414124210515202318e-01
9.262418179111899796e-01
9.661938242883248984e-01
9.696799814499504899e-01
9.936387651584649428e-01
9.964586352223068211e-01
8.451004748546782075e-01
8.652613146228477214e-01
9.072447096212744588e-01
8.470196409276480320e-01
9.492725825182652954e-01
9.995116647134296706e-01
9.622008430112490851e-01
9.104028304754308021e-01
9.661938242883248984e-01
9.661938242883248984e-01
9.302417823715515288e-01
9.661938242883248984e-01
9.827932457582185810e-01
9.769061321663937703e-01
9.848103760334172563e-01
9.595574647186492223e-01
9.935671862631754170e-01
9.956274662026892708e-01
9.661938242883248984e-01
9.922720928746752156e-01
9.330958526410750853e-01
9.302417823715515288e-01
9.057046399276627024e-01
9.969890690841638481e-01
9.933655195050636877e-01
9.933872476602081392e-01
9.026963086958942339e-01
9.555881311283229707e-01
9.583992222953889861e-01
9.465247740352732420e-01
9.661938242883248984e-01
9.622008430112490851e-01
9.310959242121827906e-01
9.661938242883248984e-01
9.972878523039022669e-01
9.394903395535981749e-01
8.372851859576958544e-01
9.563773686302436960e-01
9.555927148157666862e-01
9.250529954111599285e-01
9.099566254109425767e-01
9.868996288217466439e-01
9.170730899243902945e-01
9.153569704044773880e-01
9.482176746125163813e-01
9.521771587113064816e-01
9.977618788487297996e-01
9.524759661819782730e-01
9.622008430112490851e-01
9.622008430112490851e-01
7.824498952114530281e-01
9.929550529992466901e-01
9.262418179111899796e-01
9.390157376332359807e-01
9.344362807281427763e-01
9.986702247060311732e-01
9.282142230709105046e-01
8.548547501107779389e-01
9.492725825182652954e-01
9.414124210515202318e-01
8.548547501107779389e-01
9.521771587113064816e-01
9.918228359744503120e-01
9.390157376332359807e-01
8.625312844791040989e-01
9.935712324006648055e-01
9.661938242883248984e-01
9.046455021301349486e-01
9.924002114170639155e-01
8.389221737859080541e-01
9.774099005980866339e-01
9.683091815432932625e-01
9.832660992032750125e-01
9.262418179111899796e-01
9.661938242883248984e-01
9.490710690824412099e-01
9.821825379840917192e-01
9.585901350904793006e-01
9.585901350904793006e-01
9.833585280369444570e-01
9.833677600593210277e-01
9.946025932846384032e-01
9.661938242883248984e-01
9.945452725822678808e-01
8.955468458940333276e-01
8.611772526740690825e-01
9.552690318130194758e-01
9.926612649851415116e-01
9.931720788363030961e-01
9.120236817509470573e-01
9.262418179111899796e-01
9.967155708965753647e-01
9.521771587113064816e-01
9.890981990625707931e-01
9.900846366419583378e-01
9.552690318130194758e-01
1.000000000000000000e+00
9.491480631421215231e-01
9.552690318130194758e-01
9.800105893270438795e-01
9.104028304754308021e-01
9.012258593557878061e-01
9.891188934317196590e-01
9.136744775808151031e-01
9.849270682278833400e-01
9.949569941507426796e-01
9.965873481297878866e-01
9.262418179111899796e-01
9.585901350904793006e-01
9.661938242883248984e-01
9.331894644023228658e-01
9.197209576422522570e-01
9.661938242883248984e-01
9.209504859816297628e-01
9.170730899243902945e-01
9.057046399276627024e-01
9.661938242883248984e-01
8.538532129698774842e-01
8.501893845942970485e-01
9.777539882940049498e-01
9.923962709776927849e-01
9.685955516813434807e-01
9.492725825182652954e-01
9.927100403400719308e-01
9.552690318130194758e-01
9.622008430112490851e-01
9.262418179111899796e-01
9.976620263260869148e-01
9.770402423247069867e-01
8.812932742008586784e-01
8.812932742008586784e-01
9.775751127974445787e-01
9.956046029281755416e-01
8.518695709463872667e-01
9.622008430112490851e-01
9.170730899243902945e-01
9.088103265929556862e-01
8.518695709463872667e-01
9.527648604925692544e-01
9.432914467301232175e-01
9.433048920761427647e-01
9.661938242883248984e-01
9.439106878044651872e-01
9.465247740352732420e-01
9.390157376332359807e-01
9.858323062358385069e-01
9.712697380649496504e-01
9.622008430112490851e-01
9.224457514839266015e-01
9.585901350904793006e-01
9.661938242883248984e-01
9.140683830699146695e-01
9.813711795024784301e-01
9.947663375184488954e-01
9.739580822370349500e-01
9.585901350904793006e-01
9.956499701367983457e-01
9.661938242883248984e-01
9.521771587113064816e-01
9.622008430112490851e-01
9.367090957419351716e-01
9.585901350904793006e-01
9.622008430112490851e-01
9.733749032525160771e-01
9.001282847481288929e-01
8.407474403135377639e-01
9.492725825182652954e-01
9.661938242883248984e-01
9.894145231074232827e-01
8.258852632247916103e-01
9.323294537810310478e-01
8.888468571705482324e-01
9.622008430112490851e-01
8.392736560049149919e-01
9.057046399276627024e-01
9.661938242883248984e-01
9.223144978436239594e-01
9.867335906102688847e-01
9.990722082741732013e-01
9.465247740352732420e-01
9.439106878044651872e-01
9.439106878044651872e-01
9.622008430112490851e-01
9.984848199707554439e-01
9.585901350904793006e-01
9.262418179111899796e-01
9.521771587113064816e-01
8.332686308470077519e-01
9.661938242883248984e-01
9.985225514014810511e-01
9.896521324486607929e-01
9.120236817509470573e-01
9.029641980823928105e-01
9.072447096212744588e-01
9.570227738130253625e-01
9.309214963892130656e-01
9.120236817509470573e-01
9.880299438769554188e-01
9.022025300821235883e-01
9.906407387570668188e-01
9.585901350904793006e-01
8.674367188462207556e-01
9.228506838458288009e-01
9.979005220466694581e-01
9.622008430112490851e-01
9.744057103904891770e-01
9.699978233120177817e-01
9.585901350904793006e-01
9.806638207714004629e-01
9.982809317494737433e-01
9.344829839322951193e-01
9.661938242883248984e-01
9.826775892243145849e-01
9.622008430112490851e-01
9.661938242883248984e-01
9.727735524380389798e-01
9.727915217122087288e-01
9.465247740352732420e-01
9.749825550125905682e-01
9.661938242883248984e-01
9.206149762941462367e-01
9.948166869014757330e-01
8.263570218235524178e-01
9.302417823715515288e-01
9.243202539273032148e-01
9.062206105688441760e-01
9.120236817509470573e-01
9.999401452322527195e-01
9.302417823715515288e-01
9.824847943883622259e-01
9.985672974945087876e-01
9.704651551278099531e-01
9.622008430112490851e-01
9.622008430112490851e-01
9.938123083881409414e-01
9.961651037888785698e-01
9.972803306182091987e-01
9.341469214606437088e-01
9.661938242883248984e-01
9.264218275289110016e-01
9.367090957419351716e-01
8.901549262365833215e-01
9.786133787439249554e-01
9.262418179111899796e-01
9.409865712608285193e-01
1.000000000000000000e+00
9.262418179111899796e-01
9.901687639074490122e-01
9.814230382903634808e-01
9.622008430112490851e-01
9.390157376332359807e-01
9.552690318130194758e-01
8.685374288033669288e-01
9.661938242883248984e-01
9.661938242883248984e-01
9.661938242883248984e-01
9.779114503391191926e-01
9.179063837968697293e-01
9.661938242883248984e-01
9.262418179111899796e-01
9.833881438976547207e-01
8.983475140948491422e-01
9.661938242883248984e-01
9.796990663233835495e-01
9.896763418857420502e-01
9.952877997284910183e-01
9.687557012006710044e-01
9.687386464162394129e-01
1.000000000000000000e+00
9.697481151937833443e-01
9.937554045579640727e-01
9.902154629416968223e-01
9.188249692619175901e-01
9.661938242883248984e-01
9.708762959294703343e-01
9.552690318130194758e-01
9.622008430112490851e-01
9.661938242883248984e-01
8.538532129698774842e-01
9.224457514839266015e-01
9.521771587113064816e-01
9.999952488307072285e-01
9.188249692619175901e-01
9.367090957419351716e-01
9.421385040997665161e-01
9.120236817509470573e-01
9.661938242883248984e-01
9.921138773434359237e-01
9.104028304754308021e-01
9.120236817509470573e-01
9.661938242883248984e-01
9.885522797744742407e-01
9.988228213678407297e-01
9.661938242883248984e-01
9.754878378462918942e-01
9.889958432869677685e-01
9.414124210515202318e-01
9.890187574227252698e-01
9.655551989271136115e-01
9.868335309105987774e-01
9.987559569971328211e-01
9.647019861407284402e-01
9.794224311902059998e-01
9.905401032459388855e-01
8.538532129698774842e-01
9.949161013323957192e-01
9.302417823715515288e-01
9.576391273014280836e-01
9.585901350904793006e-01
9.661938242883248984e-01
9.933655365287393790e-01
9.367090957419351716e-01
9.932154912346762288e-01
9.739283359435294551e-01
9.911622606299820282e-01
9.664874765547644131e-01
9.718082884654375420e-01
9.661938242883248984e-01
9.871335334432457254e-01
8.489407771043767648e-01
9.136744775808151031e-01
9.282142230709105046e-01
9.658911857630231301e-01
9.104028304754308021e-01
8.528581971407455109e-01
9.901243549159676194e-01
9.136744775808151031e-01
9.880377566121540944e-01
9.812519420100983547e-01
9.991052413390187903e-01
9.877316766128493297e-01
9.661938242883248984e-01
9.948685315665602991e-01
9.622008430112490851e-01
9.585901350904793006e-01
9.834863929178196962e-01
9.538055997235819206e-01
9.929626067600687556e-01
9.812483606236089839e-01
9.585901350904793006e-01
9.585901350904793006e-01
9.794881797828711711e-01
8.794351544386022068e-01
9.585901350904793006e-01
9.562517652940462076e-01
9.735014396118094604e-01
9.988103392926249713e-01
8.766853633122191347e-01
9.841985715739229867e-01
9.765662095458713665e-01
9.622008430112490851e-01
9.925251699185737575e-01
9.585901350904793006e-01
9.390157376332359807e-01
8.914783714506678836e-01
9.949460200462116877e-01
9.585901350904793006e-01
9.936587736193116527e-01
9.492725825182652954e-01
9.478223671348180446e-01
9.711829423019597840e-01
9.719699888685652267e-01
9.711907349078570117e-01
9.622008430112490851e-01
9.711705565111105054e-01
8.512199524899447534e-01
8.521166803074285978e-01
9.552690318130194758e-01
9.857547954034366899e-01
9.661178196279039954e-01
9.826715807913908307e-01
9.792064723450156771e-01
9.783013426448259331e-01
9.951550402765584336e-01
9.797550072274109345e-01
9.439106878044651872e-01
9.188249692619175901e-01
9.748580932304151681e-01
9.252415451326582163e-01
8.548547501107779389e-01
9.688677593350724093e-01
9.954644143092196140e-01
9.990404502637999506e-01
9.399324553228922685e-01
8.552609348526318822e-01
9.960970558503062788e-01
9.622008430112490851e-01
8.968629509873224936e-01
9.755493792419177579e-01
9.740050142154832447e-01
8.941737058982895947e-01
8.503721795664380689e-01
9.859984177494151014e-01
9.371213303070254907e-01
9.496747556863888162e-01
9.955898827034276310e-01
8.983475140948491422e-01
9.414124210515202318e-01
9.344829839322951193e-01
9.390157376332359807e-01
9.142618593844763497e-01
9.368994115697173442e-01
9.120236817509470573e-01
9.302417823715515288e-01
9.661916478228126381e-01
9.585901350904793006e-01
9.324379514662237689e-01
9.622008430112490851e-01
9.136744775808151031e-01
9.501262770702428861e-01
9.262101185891759014e-01
9.664015146341026208e-01
9.661938242883248984e-01
9.516638726578374730e-01
9.661406568477648449e-01
9.725392994708016436e-01
9.832420902029329612e-01
8.983475140948491422e-01
9.785072490711227422e-01
9.367760571043416418e-01
9.717975813559736054e-01
8.479764762946893075e-01
9.661938242883248984e-01
9.661938242883248984e-01
9.634104864403612023e-01
9.153569704044773880e-01
9.090540900956255443e-01
9.552690318130194758e-01
9.926703371837454215e-01
9.829016806170698395e-01
8.568779379211127756e-01
9.428511231778291535e-01
9.428081526416632885e-01
9.852811928014761911e-01
9.534389553481624757e-01
9.826272830303111050e-01
8.911035602969499259e-01
8.910907276627146878e-01
9.323294537810310478e-01
9.296521382362865626e-01
9.737204689802781976e-01
8.798017373251564299e-01
9.521771587113064816e-01
9.585901350904793006e-01
9.777866505709873479e-01
9.302417823715515288e-01
9.900852712460970206e-01
9.533573438263484023e-01
9.966846228666037533e-01
9.800858915894468115e-01
9.964602888354362475e-01
9.552690318130194758e-01
9.975018480832958945e-01
9.961378662086167735e-01
9.492725825182652954e-01
9.633355403800305528e-01
9.390157376332359807e-01
9.912397685913733048e-01
9.661938242883248984e-01
9.975040279824969325e-01
9.945312120538213341e-01
9.661938242883248984e-01
9.842438578076774247e-01
9.887110107528197522e-01
9.754335574055723601e-01
9.509933380201471831e-01
9.727053468850457296e-01
9.834946502063209861e-01
9.188249692619175901e-01
9.936427118363636568e-01
9.945226526266592870e-01
9.853657183544994869e-01
8.599651942794429571e-01
9.514066516222928760e-01
9.634282436584697962e-01
9.480670885358627453e-01
9.739163483096265894e-01
9.910022598665084725e-01
9.937767424041803466e-01
9.873915501384230575e-01
8.788772447650449182e-01
9.088103265929556862e-01
9.477783318020083225e-01
9.888174335414461336e-01
9.712139885474813106e-01
9.136744775808151031e-01
9.751975296686292705e-01
8.862747301138619305e-01
9.639828739433642379e-01
9.492725825182652954e-01
9.767272463700217289e-01
9.622008430112490851e-01
9.841451805302030564e-01
9.585901350904793006e-01
9.956283340877687404e-01
9.072447096212744588e-01
9.240349694005831616e-01
9.302417823715515288e-01
9.890142000831021463e-01
9.063821026132358183e-01
9.926131764524338541e-01
9.622008430112490851e-01
9.281053020834266754e-01
9.951822053532018986e-01
9.731404409226828145e-01
8.997765628609655231e-01
9.915955566988760017e-01
9.969779581249835765e-01
9.970258938514257041e-01
9.012258593557878061e-01
9.896437676074220091e-01
9.585901350904793006e-01
9.886867514207613450e-01
9.945812829370936914e-01
9.585901350904793006e-01
9.808699988945397408e-01
9.782480839907156112e-01
1.000000000000000000e+00
9.733052655194981417e-01
8.292971596332390227e-01
9.401452245237664762e-01
9.465247740352732420e-01
9.900779165191492259e-01
8.998607062041380500e-01
9.982803872808464485e-01
9.622008430112490851e-01
9.991253638378339019e-01
9.861155154062741790e-01
9.779230398937586166e-01
9.985055290618742863e-01
9.933173158181487494e-01
9.492725825182652954e-01
9.882779849120451043e-01
9.344829839322951193e-01
8.908918006154850078e-01
9.661938242883248984e-01
8.999688726558807694e-01
9.552690318130194758e-01
9.985211425793634188e-01
9.282142230709105046e-01
9.371520860122627417e-01
9.414124210515202318e-01
9.966669906634771925e-01
9.552690318130194758e-01
9.766506121162175091e-01
9.996902594031575884e-01
9.924028426016033855e-01
9.622008430112490851e-01
9.947078852510995439e-01
9.996531915735633600e-01
9.661938242883248984e-01
9.224457514839266015e-01
9.240499557883250503e-01
9.781761271850816231e-01
9.980216495413272160e-01
8.890200268014775142e-01
9.987242285819744048e-01
9.811838027326771350e-01
7.928863857056820397e-01
1.000000000000000000e+00
9.959464034237431873e-01
8.955468458940333276e-01
1.000000000000000000e+00
9.459679167919861076e-01
9.961189692657669292e-01
9.622008430112490851e-01
9.976902760457947439e-01
9.787837165188419952e-01
9.623754579195801240e-01
9.993175041422305283e-01
9.984792693115789319e-01
9.622008430112490851e-01
9.995556642538823144e-01
9.764307487853718381e-01
9.521771587113064816e-01
9.833340492188865634e-01
9.895591869540927288e-01
9.598473879403163211e-01
9.725098581824206390e-01
8.969378704386113954e-01
9.500278166074861419e-01
9.966028487560011362e-01
1.000000000000000000e+00
9.788858512511141585e-01
9.153569704044773880e-01
8.707659737813401302e-01
8.901549262365833215e-01
9.995565891822318916e-01
9.521771587113064816e-01
9.585901350904793006e-01
9.978302220814900814e-01
8.650588659200662001e-01
9.622008430112490851e-01
9.999500450866529722e-01
9.622008430112490851e-01
9.932132881814648151e-01
9.465247740352732420e-01
9.946225607729707319e-01
9.170730899243902945e-01
9.905875841755851230e-01
1.000000000000000000e+00
9.661938242883248984e-01
9.492725825182652954e-01
9.622008430112490851e-01
9.868807507479350205e-01
1.000000000000000000e+00
9.935627423092859845e-01
9.907951569015207571e-01
9.622008430112490851e-01
9.411618697582523341e-01
1.000000000000000000e+00
9.622008430112490851e-01
9.622008430112490851e-01
9.015399792277892788e-01
1.000000000000000000e+00
1.000000000000000000e+00
9.819042835016726922e-01
9.622008430112490851e-01
9.915428034654842904e-01
9.983397180190538567e-01
9.979741184942410026e-01
9.343207627707816876e-01
9.439106878044651872e-01
9.674038428765966424e-01
9.971423010191926561e-01
9.971214117431768109e-01
9.439106878044651872e-01
9.454209576088016265e-01
9.871690114583002718e-01
9.622008430112490851e-01
9.661938242883248984e-01
8.969378704386113954e-01
8.707659737813401302e-01
9.946723764644714860e-01
9.521771587113064816e-01
9.206149762941462367e-01
9.302417823715515288e-01
9.780305219640268444e-01
9.584359870265689585e-01
9.439106878044651872e-01
1.000000000000000000e+00
9.973994630640519166e-01
9.979293772570454468e-01
1.000000000000000000e+00
1.000000000000000000e+00
9.661938242883248984e-01
9.622008430112490851e-01
9.224457514839266015e-01
9.993138751564623057e-01
8.674367188462207556e-01
9.986907675781082627e-01
9.995564369577830677e-01
9.622008430112490851e-01
9.480207251599752638e-01
9.999988303774921539e-01
9.435634969208519518e-01
9.492725825182652954e-01
9.989811419185761210e-01
8.377267373363290748e-01
9.170730899243902945e-01
9.960765716298720651e-01
9.960765716298720651e-01
9.999929822016719871e-01
9.279249196089214280e-01
9.977214021616108708e-01
9.819449820685763886e-01
9.902704143715104212e-01
9.817507014083909356e-01
9.302417823715515288e-01
1.000000000000000000e+00
9.622008430112490851e-01
9.862121673863226690e-01
9.995669792681802779e-01
9.302417823715515288e-01
8.968021426981153121e-01
9.994155229028766074e-01
9.528854797845014435e-01
8.696471033751383972e-01
9.565994443760681420e-01
1.000000000000000000e+00
9.117580458720597747e-01
9.661938242883248984e-01
9.188249692619175901e-01
1.000000000000000000e+00
8.969378704386113954e-01
9.999822600752881208e-01
9.788758067150742370e-01
9.987091646298732472e-01
9.979755955615361440e-01
9.744645004847818370e-01
9.989184388865676167e-01
1.000000000000000000e+00
9.622008430112490851e-01
9.663010822770723429e-01
9.873968616609057891e-01
9.874069392725378647e-01
1.000000000000000000e+00
9.838562421570626881e-01
9.999468438819441030e-01
9.969951694483694116e-01
9.998108751463119503e-01
9.622008430112490851e-01
9.291566832307642798e-01
9.291587179938478602e-01
9.883803116435807556e-01
9.982026350701158623e-01
9.879262124517261823e-01
9.831001274722731553e-01
9.762265467186012069e-01
9.265932373297608438e-01
9.308029943262299266e-01
9.605548112720809772e-01
9.971278046202973755e-01
9.887651338290247560e-01
9.475927649520011764e-01
9.972937478322225768e-01
9.966437512242779517e-01
8.901549262365833215e-01
9.972163027619781461e-01
9.962330164780115460e-01
9.800682783386736041e-01
9.754933689296919619e-01
9.521771587113064816e-01
9.986701746620597619e-01
9.425304663245164249e-01
9.622008430112490851e-01
9.521771587113064816e-01
9.585901350904793006e-01
9.894834218720013341e-01
9.933799348890559600e-01
9.815732200477188529e-01
8.914783714506678836e-01
9.622008430112490851e-01
8.302225580358147949e-01
9.622008430112490851e-01
9.622008430112490851e-01
8.213381185933349427e-01
9.404066034177900324e-01
9.967356290775942762e-01
9.846826835527775490e-01
9.871213797082944996e-01
9.980863663043280098e-01
1.000000000000000000e+00
9.552690318130194758e-01
9.661938242883248984e-01
9.492725825182652954e-01
9.971241311772101046e-01
9.612138374047525247e-01
8.707659737813401302e-01
9.465247740352732420e-01
9.985223249472136020e-01
9.302417823715515288e-01
9.989125857662789487e-01
8.800793524352321651e-01
8.969378704386113954e-01
9.995564369577830677e-01
9.784450366283367062e-01
1.000000000000000000e+00
9.999956897763393471e-01
9.954026099336960032e-01
9.994527607970896677e-01
1.000000000000000000e+00
9.433338500725176878e-01
9.569247346069045257e-01
9.972236088666701637e-01
7.868091083707173805e-01
9.622008430112490851e-01
9.968931633696375139e-01
9.972459193409543010e-01
8.901549262365833215e-01
1.000000000000000000e+00
9.905020071472211418e-01
9.492725825182652954e-01
9.816359751529325495e-01
9.439106878044651872e-01
9.224457514839266015e-01
9.910989732069883651e-01
9.323294537810310478e-01
9.692267160757482847e-01
9.990391496206659783e-01
8.685374288033669288e-01
9.188249692619175901e-01
9.994154403523644037e-01
9.521771587113064816e-01
9.884958635051382947e-01
9.001227962325686338e-01
9.568284673880027569e-01
9.999759829659042865e-01
9.979637492211584915e-01
9.465247740352732420e-01
9.622008430112490851e-01
9.552690318130194758e-01
9.985314786316341618e-01
8.652613146228477214e-01
9.269718075569923776e-01
9.780690044646751513e-01
9.390157376332359807e-01
9.913988164964648853e-01
9.989831740355265000e-01
9.647700208629366170e-01
9.622008430112490851e-01
9.991200140225358073e-01
9.466629299201411163e-01
9.661938242883248984e-01
9.982108525207687988e-01
9.465247740352732420e-01
9.492725825182652954e-01
9.970761415090451107e-01
9.853498689115131048e-01
9.188249692619175901e-01
8.674367188462207556e-01
9.465733425073493690e-01
9.443664105302811418e-01
9.987117594653799335e-01
9.787789738963087460e-01
8.528581971407455109e-01
9.302417823715515288e-01
9.900371498672023707e-01
9.961960124890663071e-01
9.465247740352732420e-01
9.412120489478543739e-01
9.585901350904793006e-01
8.850096870228147949e-01
8.674367188462207556e-01
8.837580454055036228e-01
8.595413840133279137e-01
9.650946912091135088e-01
9.344569830290677670e-01
9.026963086958942339e-01
9.302417823715515288e-01
9.838657172144703589e-01
9.855100964108673978e-01
8.674367188462207556e-01
9.893594231058971955e-01
9.704230419412410713e-01
9.439106878044651872e-01
9.395130466458516683e-01
9.439106878044651872e-01
9.329903864784290235e-01
8.584997658629116568e-01
9.302417823715515288e-01
9.775269698728376033e-01
9.622008430112490851e-01
9.679332993778962946e-01
9.390157376332359807e-01
9.844565368805381356e-01
9.844178647693014872e-01
9.661938242883248984e-01
9.661938242883248984e-01
9.414124210515202318e-01
9.655011855547517285e-01
9.622008430112490851e-01
9.367090957419351716e-01
9.763038133079675607e-01
8.370833173509324432e-01
9.661938242883248984e-01
9.852501812843381668e-01
9.269033678846966273e-01
9.360846383391819847e-01
8.508872070343280747e-01
9.734615738913788840e-01
9.733854523006644222e-01
9.833737229424893700e-01
9.572303432006501467e-01
9.414124210515202318e-01
9.767007813489180235e-01
9.661938242883248984e-01
9.920140033585602701e-01
9.778846668950800236e-01
9.862279793527211069e-01
8.289181492711614752e-01
9.439106878044651872e-01
9.779790920155326805e-01
9.984550269092755670e-01
9.758747043556732503e-01
9.224457514839266015e-01
9.916321009661670516e-01
9.622008430112490851e-01
9.758527041350110176e-01
9.750746154184098957e-01
9.302417823715515288e-01
9.847487105636407723e-01
9.765202560005071808e-01
9.592992417667263183e-01
9.999986861602995214e-01
9.465247740352732420e-01
9.521771587113064816e-01
9.999960583963971583e-01
9.901946375441224024e-01
9.867833978850032439e-01
9.880335405108335856e-01
9.622008430112490851e-01
9.465247740352732420e-01
9.871910822449694312e-01
9.521771587113064816e-01
9.977086805994355156e-01
9.262418179111899796e-01
9.804514444174508014e-01
9.930026459942274952e-01
9.908175917985349024e-01
9.390157376332359807e-01
9.842441316943709717e-01
8.272067713865265404e-01
8.188774667238062355e-01
9.974924538297614829e-01
9.922505545454044507e-01
9.826032661589790829e-01
9.988773195069828859e-01
9.925182226246925810e-01
9.136744775808151031e-01
9.992332762589369866e-01
8.955468458940333276e-01
9.521771587113064816e-01
9.997796949616909457e-01
9.993027863542144340e-01
9.552690318130194758e-01
9.998742017354255163e-01
9.465247740352732420e-01
9.487423344504201106e-01
9.552690318130194758e-01
9.552690318130194758e-01
8.470078816913775288e-01
9.975409323620226809e-01
9.414124210515202318e-01
9.991940585973219102e-01
9.414124210515202318e-01
9.522011854513096063e-01
9.200076316059169201e-01
8.073872993104592721e-01
9.984927039748914268e-01
9.673826930309170624e-01
9.492725825182652954e-01
9.390157376332359807e-01
9.661938242883248984e-01
9.989559469320455909e-01
9.809115000841763798e-01
9.552690318130194758e-01
9.282142230709105046e-01
9.794241455684340458e-01
9.282142230709105046e-01
9.585901350904793006e-01
9.439106878044651872e-01
9.992484605698211952e-01
9.953628524873268102e-01
9.985216151642022364e-01
9.962792310322381439e-01
9.884276627223804734e-01
9.439106878044651872e-01
9.965759959650023481e-01
9.492725825182652954e-01
9.945977664796937789e-01
9.987674709555977026e-01
9.680892433166227162e-01
9.789810556018532228e-01
9.057046399276627024e-01
9.999718230054399637e-01
9.963284546493277327e-01
9.139406105864675833e-01
9.585901350904793006e-01
9.906272142467712483e-01
9.831394689281295340e-01
9.188249692619175901e-01
9.908502931462425112e-01
9.966065860332316007e-01
9.962023781909673525e-01
9.465247740352732420e-01
9.323294537810310478e-01
9.841787179037840838e-01
9.961980299895567548e-01
9.989899515400243457e-01
9.390157376332359807e-01
9.492725825182652954e-01
9.492725825182652954e-01
9.282142230709105046e-01
9.995065377525923500e-01
9.622008430112490851e-01
9.941659643201395946e-01
9.961489410579994486e-01
9.661938242883248984e-01
9.930967515981563576e-01
9.523067916863581228e-01
9.041888851809907202e-01
9.973216062242421520e-01
8.767923990383444943e-01
9.120236817509470573e-01
9.887550235429973799e-01
9.765738392611928997e-01
9.913567120042163783e-01
9.959032092983922668e-01
9.931722961211100209e-01
9.884231877138344169e-01
9.622008430112490851e-01
9.803925753086523143e-01
9.989321612263627470e-01
9.492725825182652954e-01
9.999957882137414655e-01
9.981370269307660026e-01
9.191186486947141576e-01
9.920309623043712666e-01
9.585901350904793006e-01
8.999122246680925086e-01
9.521771587113064816e-01
9.585901350904793006e-01
9.781340999914212020e-01
9.543186256030697923e-01
9.367090957419351716e-01
8.508872070343280747e-01
9.965256540242901639e-01
9.390157376332359807e-01
9.657826305688783641e-01
9.995578982697140846e-01
9.987686773463515522e-01
9.474659112077259415e-01
9.622008430112490851e-01
9.999139372331369291e-01
9.783848856700254615e-01
9.622008430112490851e-01
9.983320555248657024e-01
9.987092908069179487e-01
9.465247740352732420e-01
8.850096870228147949e-01
9.940003887949242500e-01
9.521771587113064816e-01
9.999036235187437338e-01
9.998834900360958899e-01
9.414124210515202318e-01
9.949561742480493853e-01
9.813247071747122074e-01
9.136744775808151031e-01
9.585901350904793006e-01
9.521771587113064816e-01
8.997765628609655231e-01
8.788772447650449182e-01
8.857577619177093853e-01
9.243202539273032148e-01
7.032886293128649546e-01
7.032855980800595264e-01
9.585901350904793006e-01
9.552690318130194758e-01
8.697537284598975127e-01
9.474375042432247040e-01
9.428078346422320566e-01
9.492725825182652954e-01
9.552690318130194758e-01
9.638555478226582540e-01
9.993710431933370275e-01
9.988311997521126528e-01
9.335301641269528883e-01
9.953633991145850457e-01
9.661938242883248984e-01
9.465247740352732420e-01
9.378211201970435562e-01
9.661938242883248984e-01
9.439106878044651872e-01
9.776374696036379541e-01
9.994656301236842788e-01
9.390157376332359807e-01
9.883764165684141290e-01
9.989342150172756396e-01
9.984013715005798373e-01
9.978617189557296152e-01
9.994947698184687424e-01
9.999978753431293388e-01
9.996299863325028845e-01
9.585901350904793006e-01
9.622008430112490851e-01
9.715004281857924084e-01
9.969675753473072888e-01
9.552690318130194758e-01
9.622008430112490851e-01
9.983815987273201298e-01
9.585901350904793006e-01
9.521771587113064816e-01
9.206149762941462367e-01
9.882629766890761447e-01
8.148441667869554816e-01
8.548547501107779389e-01
9.521771587113064816e-01
9.969692253412623106e-01
9.879075085096494790e-01
9.884868947128445660e-01
9.903619266443715041e-01
8.381878945160516903e-01
9.892381112409576183e-01
9.410639389106085773e-01
9.439106878044651872e-01
9.986427955770088571e-01
9.977973962611305092e-01
9.622008430112490851e-01
9.622008430112490851e-01
9.939463405935340390e-01
9.041888851809907202e-01
9.344829839322951193e-01
9.987663711544912948e-01
9.414124210515202318e-01
9.799587992060705410e-01
9.084870165041243339e-01
9.622008430112490851e-01
9.997522367698122858e-01
9.996522908454886780e-01
9.996466196140375571e-01
9.414124210515202318e-01
9.993538873784809651e-01
9.414124210515202318e-01
8.088783113472366448e-01
8.402166539908454412e-01
9.521771587113064816e-01
8.435105023883755493e-01
9.995117480604833737e-01
9.992679433104819653e-01
9.661938242883248984e-01
9.622008430112490851e-01
9.961806666194431559e-01
8.888468571705482324e-01
9.936812991354695423e-01
9.347498090145816008e-01
9.919050979878890617e-01
9.012258593557878061e-01
9.762811130131497928e-01
9.243202539273032148e-01
8.901549262365833215e-01
9.991270084209370461e-01
9.282142230709105046e-01
9.110472898200979719e-01
8.386351813569944413e-01
9.302417823715515288e-01
9.492725825182652954e-01
9.866166238147947576e-01
9.911274848418885064e-01
9.942838175867085848e-01
9.033238822485476494e-01
9.994537370830887113e-01
9.912604616871490970e-01
8.548547501107779389e-01
9.661938242883248984e-01
9.959069256763527500e-01
9.585901350904793006e-01
9.136744775808151031e-01
9.981252706355929760e-01
9.912967495400082374e-01
9.991500582515155937e-01
9.821371525783897383e-01
9.136744775808151031e-01
9.149810076797276759e-01
9.661938242883248984e-01
9.187421002454465579e-01
8.548547501107779389e-01
9.700838448990019014e-01
9.661938242883248984e-01
9.890627323391952830e-01
9.465247740352732420e-01
9.999465925949795331e-01
9.390157376332359807e-01
9.981237613474516213e-01
9.987745313656980484e-01
9.622008430112490851e-01
9.969227070639504751e-01
9.439106878044651872e-01
9.927778551792620920e-01
7.599405433133059606e-01
9.997375994253752118e-01
9.622008430112490851e-01
9.451928620540192005e-01
9.998396190367402347e-01
9.954823126423759660e-01
9.475645677434830771e-01
9.661938242883248984e-01
9.381844172157942641e-01
9.904652813761808394e-01
9.992779356182623918e-01
9.041888851809907202e-01
9.963155890985090357e-01
9.585901350904793006e-01
9.552690318130194758e-01
9.585901350904793006e-01
9.977160733434253803e-01
7.478525571208702871e-01
9.967368476410285449e-01
7.478648829186778091e-01
9.448943642631305595e-01
9.890867692630537222e-01
9.889274709649363837e-01
9.871163231253640147e-01
9.870779732756864711e-01
9.694620639408041418e-01
9.940768924899777703e-01
9.199149081435118447e-01
9.824686427900375385e-01
9.324026288180213839e-01
9.411745059918594780e-01
8.837580454055036228e-01
9.262418179111899796e-01
8.615955712549939749e-01
9.966184008968924646e-01
9.552690318130194758e-01
9.521771587113064816e-01
9.970758775283613540e-01
9.882036857033885680e-01
9.724147917859664592e-01
9.585901350904793006e-01
8.765070938636735365e-01
9.940536804698244522e-01
9.346874113996550548e-01
9.942084828016530818e-01
8.877232143558626554e-01
9.191637374222272339e-01
9.977220100548130910e-01
8.918493966843246135e-01
9.999822673927850625e-01
9.956417185910083623e-01
9.958867084535580894e-01
9.837040761439598269e-01
9.521771587113064816e-01
9.585901350904793006e-01
9.622008430112490851e-01
9.870750683179553286e-01
9.585901350904793006e-01
9.661938242883248984e-01
9.990580666851298641e-01
9.947298948245346661e-01
8.919729468148980267e-01
8.969378704386113954e-01
9.622008430112490851e-01
9.946918786256827572e-01
9.136744775808151031e-01
9.638448821480302131e-01
9.671350323851567454e-01
9.680801579392603884e-01
8.851790212323060736e-01
9.622008430112490851e-01
9.993338057129406149e-01
9.756645992390539091e-01
9.585901350904793006e-01
9.980464470094688734e-01
9.492623000783213527e-01
9.775273147590756162e-01
9.661938242883248984e-01
9.993252322936471144e-01
8.801333874335279805e-01
8.888468571705482324e-01
8.629288972590504203e-01
9.916158497510589864e-01
9.665980494834633951e-01
9.965271967822436627e-01
9.784552479380929091e-01
9.170730899243902945e-01
9.937880991021540433e-01
9.688720521923854800e-01
9.622008430112490851e-01
9.585901350904793006e-01
9.622008430112490851e-01
9.964048078033623801e-01
8.890099083767811772e-01
9.867990238180546214e-01
9.299995291844979084e-01
9.511241027733987607e-01
9.134918483145949564e-01
9.447551511158348569e-01
9.552690318130194758e-01
9.224457514839266015e-01
9.767411884398785604e-01
8.315158236347500731e-01
9.585901350904793006e-01
8.888468571705482324e-01
9.622008430112490851e-01
9.585901350904793006e-01
9.635530733992535568e-01
9.521771587113064816e-01
9.690785908227586010e-01
9.761973300703806755e-01
9.948011632729690801e-01
9.925813306678576975e-01
9.786204211744522485e-01
8.323901307610627187e-01
8.538532129698774842e-01
9.879346544238634120e-01
9.282142230709105046e-01
9.990829540132891706e-01
9.236705156570067521e-01
9.880536741921477351e-01
9.931552782264222445e-01
9.585901350904793006e-01
9.668029446595016729e-01
9.296855404657025090e-01
9.982999139233292851e-01
9.656001486698964076e-01
8.992037179967958815e-01
8.323901307610627187e-01
9.661938242883248984e-01
8.753384023703818517e-01
9.792765761611867958e-01
9.585901350904793006e-01
9.650560732541672015e-01
9.795835470050239246e-01
9.955334812323308746e-01
9.870087977283606984e-01
9.758994105365930150e-01
9.426662325788739416e-01
9.599873883111038619e-01
9.987224751675606305e-01
9.344803115937538873e-01
9.855806146234165066e-01
9.063265958592708893e-01
9.585901350904793006e-01
9.622008430112490851e-01
8.825193766042166432e-01
8.663447517355203908e-01
9.555407660147070548e-01
9.072447096212744588e-01
9.585901350904793006e-01
9.188249692619175901e-01
9.578666791442586037e-01
9.792904448066209744e-01
9.622008430112490851e-01
9.521771587113064816e-01
8.377291335906644765e-01
9.661938242883248984e-01
9.280834440766603244e-01
9.788696030470303011e-01
9.969240174011299027e-01
8.732371853210790791e-01
9.876016143974206685e-01
9.957440757097046902e-01
9.825899806938444003e-01
9.521771587113064816e-01
8.498355527542864607e-01
9.661938242883248984e-01
9.302417823715515288e-01
9.670283490860599462e-01
9.622008430112490851e-01
9.622008430112490851e-01
9.622008430112490851e-01
9.622008430112490851e-01
9.808221067708986496e-01
9.312629893919814883e-01
9.521771587113064816e-01
9.842705481326087247e-01
9.622008430112490851e-01
9.607302773223015402e-01
9.907457038630450574e-01
9.838824626672544316e-01
9.948271394784147237e-01
