9.489405478402375138e-01
9.370681988182361088e-01
9.975289398698612420e-01
9.749165808953961232e-01
9.683881044854464326e-01
9.932436370190541597e-01
9.932346928405847430e-01
9.792127411317335106e-01
9.269223248353806177e-01
9.997877213833809007e-01
9.571536971590011156e-01
9.945191653034550772e-01
9.674942281085695539e-01
9.726209607606692842e-01
9.389061303288754878e-01
9.370681988182361088e-01
8.660312730786098312e-01
9.228862243787155917e-01
9.858016936841003108e-01
9.680403744689832779e-01
8.629012199656658222e-01
9.674836339710074506e-01
9.968557089035442464e-01
9.999632069599444506e-01
9.649064049085621653e-01
9.815332192233023889e-01
9.473904266238437621e-01
9.609209702199020819e-01
9.719762208115720892e-01
9.696282227450855329e-01
9.474836131531467753e-01
9.796006595153720076e-01
9.816830028600476155e-01
9.793299468018709097e-01
9.511743741718871048e-01
9.462899893464825629e-01
9.677462299847482408e-01
9.893790500679662259e-01
9.254645297379453517e-01
9.914611221282664255e-01
8.986557571871258698e-01
9.845457269431667768e-01
9.897533896549837173e-01
9.262568098131461758e-01
9.854719689296966845e-01
9.370681988182361088e-01
9.941474975874500242e-01
9.018031441679231763e-01
9.370681988182361088e-01
9.711285146913682942e-01
9.370681988182361088e-01
9.857635966601925315e-01
9.958683413393468742e-01
9.606450621774413889e-01
7.828069803158634876e-01
9.740155701625777818e-01
9.370681988182361088e-01
9.320887377273764374e-01
9.277262406797095462e-01
9.820885484997007309e-01
8.398154270331779081e-01
9.816814041295351956e-01
9.651863195008757446e-01
9.370681988182361088e-01
9.916741506416335561e-01
9.556089392500061175e-01
7.680454051421824468e-01
9.820838522335552101e-01
9.370681988182361088e-01
9.895444855866326606e-01
9.383967239801315197e-01
8.812046171349794399e-01
9.624482086186905150e-01
9.228862243787155917e-01
9.731679454071573421e-01
9.901578464605305108e-01
9.812921843161612756e-01
9.756679978451627822e-01
9.190886458762406175e-01
7.622376726838966388e-01
9.345697990297566760e-01
9.447690301128844892e-01
9.407127342053647201e-01
9.903687704135074599e-01
9.583689153618665246e-01
9.290399729971119402e-01
9.659054369776206572e-01
9.692880756946584686e-01
9.443506039212373748e-01
9.396163620639070846e-01
9.748666777189256560e-01
9.487836690394325645e-01
9.340050435966772424e-01
6.695534221340098124e-01
9.604688771377029033e-01
9.707429139781892369e-01
9.472879163226102239e-01
9.847963683594985751e-01
8.992745415904090933e-01
8.240065189608962726e-01
9.766205887625396542e-01
9.600379141682046091e-01
9.607626643139870470e-01
9.297144734868088012e-01
9.914452061657994530e-01
9.805111784238940142e-01
8.930657015185249348e-01
9.370681988182361088e-01
9.965746406432514082e-01
9.990741681255181916e-01
9.507953108482116722e-01
9.647774169094961438e-01
9.461008051810070318e-01
9.327093013418688017e-01
9.102654702409126442e-01
9.228862243787155917e-01
9.268353901838801701e-01
9.349068668888154132e-01
9.206544210627571889e-01
9.379179542008361237e-01
9.142273511825702581e-01
9.491425621547353586e-01
9.131547249949900635e-01
9.567276841316220137e-01
9.682741305201181259e-01
9.396756073764593875e-01
9.984074982208199778e-01
9.978526738553499253e-01
9.742018539635205476e-01
9.611988026196480739e-01
9.768858911140750889e-01
8.765037939844629866e-01
9.849540587248356571e-01
9.370681988182361088e-01
9.324282578203042515e-01
9.003469385799517388e-01
9.943446531395091492e-01
7.988195752124277460e-01
9.929341936014817183e-01
9.685589087701206301e-01
9.370681988182361088e-01
9.852900140749093483e-01
9.444818061704008949e-01
9.835569280234105483e-01
9.854452771091574137e-01
9.944683609299128646e-01
8.807856134937612769e-01
9.966302404264197889e-01
9.883761149526475442e-01
7.723882497665681690e-01
9.263346626327971789e-01
9.866552520512992253e-01
9.616298321852426723e-01
9.370681988182361088e-01
9.813340297981081317e-01
9.567967553697015459e-01
9.798720195915607833e-01
9.863555117667993644e-01
9.580326878071251384e-01
9.664512883475080418e-01
9.761647639843217261e-01
9.498075689779341690e-01
9.552565969284519953e-01
9.109122151195673256e-01
9.949515473577437152e-01
9.386801770307158232e-01
9.789616681804043097e-01
9.370681988182361088e-01
9.666639921579502914e-01
9.458769005117054762e-01
9.954651370550620104e-01
9.880594681102732313e-01
9.445572874600736135e-01
9.888185423055569911e-01
9.336700335735252931e-01
9.779479402271153976e-01
9.370681988182361088e-01
9.559925241502550408e-01
9.535258468084412131e-01
9.517013415169730539e-01
9.248227046012841290e-01
9.925665550509674695e-01
9.370681988182361088e-01
9.451833367058842805e-01
8.021180525535913652e-01
9.421338864237385202e-01
8.878070393332742061e-01
9.813848298181382379e-01
7.967051547023324964e-01
9.902754748234448012e-01
9.496252430981015902e-01
9.170155482405117908e-01
9.931389225619310368e-01
9.370681988182361088e-01
9.733058609800998573e-01
9.313502498358005033e-01
9.812599005944642183e-01
9.695681500555037857e-01
9.547943289233135067e-01
9.894168134173348950e-01
9.886758810737694692e-01
9.278920494483224868e-01
9.860829479305412981e-01
9.555225753408627121e-01
9.870607799155574069e-01
9.555225753408627121e-01
9.922386389149766561e-01
9.818055587616510982e-01
9.245510178680284019e-01
9.706037965514952015e-01
9.283638047089235457e-01
9.665266945989637870e-01
9.609555908892852827e-01
9.912363879501707720e-01
9.110740226488840410e-01
9.198622011697168421e-01
9.763174049564539159e-01
9.509758173444040619e-01
9.219380682280724493e-01
9.694399619847474669e-01
9.905311277360118183e-01
9.216470290323468539e-01
9.216892694772901296e-01
9.971308916529246780e-01
8.917968560571687409e-01
7.932721440958826475e-01
7.646953291643162620e-01
7.606241534360969059e-01
8.518329986925782249e-01
8.518279619956599102e-01
8.518734543920563063e-01
9.370681988182361088e-01
9.370681988182361088e-01
9.347221325467989228e-01
9.927265196173793438e-01
9.370681988182361088e-01
9.447901839326602325e-01
9.143077215770466504e-01
9.334400345461200121e-01
9.212754087773187273e-01
9.794929907009728431e-01
9.710061793995071744e-01
1.000000000000000000e+00
1.000000000000000000e+00
9.583811795054645311e-01
9.377342098230900813e-01
9.775790874739093139e-01
9.370681988182361088e-01
9.862010685461823911e-01
9.584790921613056680e-01
9.346604405116724079e-01
9.121813798867551837e-01
9.676452341151882131e-01
9.182980654700170220e-01
9.935871719855980944e-01
9.548992698859722905e-01
9.743557383531642468e-01
9.828544219374683033e-01
9.297910808954530371e-01
8.402476187791961815e-01
9.650926589559163382e-01
9.545972109904812264e-01
9.453112063727474590e-01
9.540681248050775221e-01
9.722875162544130090e-01
9.826276488896459327e-01
9.953121092448146134e-01
9.370681988182361088e-01
8.766201212929707332e-01
9.640371515971004612e-01
9.370681988182361088e-01
9.365557645030904155e-01
9.714611656108115278e-01
9.693046203378260506e-01
9.550899501454356288e-01
9.285581763749084505e-01
9.596795516120731895e-01
9.740610287514843701e-01
9.559394544794103110e-01
9.781654124419659757e-01
8.748091668048281200e-01
9.816251882303154153e-01
9.968977804773528906e-01
9.658956736749912952e-01
9.748675084168673122e-01
9.515604105616967123e-01
9.627934284654174890e-01
9.879883730100921246e-01
9.871799384442994096e-01
7.541741139017186235e-01
9.228862243787155917e-01
9.732352365534100436e-01
7.779234696288900297e-01
8.879363287838121233e-01
9.370681988182361088e-01
9.988564858761136422e-01
9.843214430275171178e-01
9.634328252980910445e-01
9.060299266863973688e-01
9.795595236650963544e-01
9.506091244433986231e-01
9.467840597598526919e-01
9.751305589557830444e-01
9.807865997717682971e-01
9.541637637645005166e-01
9.900100263130653389e-01
9.701327323710469130e-01
9.981391068218565810e-01
9.923909140145152907e-01
9.239232431147765823e-01
9.522070906840610638e-01
9.856947035303240678e-01
9.721966225968902142e-01
9.720222113833448807e-01
9.720255990282601344e-01
9.715567804091418402e-01
9.762406679566411061e-01
9.633018164053319676e-01
9.185099636019947722e-01
9.658071281693644261e-01
9.715288704078421933e-01
9.681511626039935869e-01
9.729649662904257257e-01
9.857737090631952803e-01
9.878791165880873582e-01
9.904930906480693409e-01
9.920011775289185874e-01
9.974049823055740616e-01
9.978350530211267388e-01
9.999942584876476692e-01
9.851160256662443437e-01
9.438114092050090553e-01
9.934065987753268878e-01
9.667132422335308339e-01
9.370681988182361088e-01
9.860989761671795639e-01
9.934022141795142424e-01
9.546762990729892318e-01
1.000000000000000000e+00
9.973040000375842373e-01
9.976522483740016822e-01
9.798506823657603393e-01
9.718537417342126838e-01
9.845905486522084082e-01
9.170443160148550321e-01
9.820983842930801622e-01
9.925374455438622512e-01
9.985134204571098904e-01
9.968910286317733682e-01
9.370681988182361088e-01
9.866094571723924567e-01
9.683096737844677504e-01
9.853459535149489135e-01
9.355232282148788769e-01
9.658372413968162595e-01
9.798355550420889681e-01
9.942690212146136908e-01
9.884726228181075491e-01
9.975624311964560453e-01
9.503712317605350623e-01
9.775430462903093032e-01
9.505664087219725111e-01
9.551622625762786756e-01
1.000000000000000000e+00
9.464116402698394825e-01
9.999877753430983507e-01
9.375261526176730253e-01
9.422453235815047012e-01
9.151572729434124254e-01
9.906252217004976046e-01
9.674457095304858090e-01
9.139252151219269260e-01
9.658114011459211223e-01
9.873272808159108127e-01
9.960386904170103195e-01
9.739943554894845423e-01
9.228862243787155917e-01
9.978590581129788140e-01
9.845223256745477824e-01
9.927330446549602616e-01
8.799076127414134918e-01
9.435573779504767833e-01
9.555671190629864142e-01
9.995931062345682072e-01
9.370681988182361088e-01
9.622618208339428492e-01
9.228862243787155917e-01
9.537714206033091058e-01
9.870580726230099300e-01
9.943846824950414165e-01
9.825505592920723563e-01
9.961919723379943914e-01
9.687808810649497504e-01
9.109122151195673256e-01
9.910482767138288906e-01
9.368950286603245914e-01
9.769577046218673733e-01
9.832340776064569798e-01
9.861526923704599934e-01
9.624409665285500459e-01
9.727639602300767185e-01
9.999881658415135099e-01
9.776485301200373845e-01
9.999942584876476692e-01
9.999942584876476692e-01
9.994083745556090470e-01
9.901970952356002886e-01
9.735453286196793510e-01
9.980098186404092742e-01
9.632639402654789018e-01
9.962805796438315431e-01
1.000000000000000000e+00
1.000000000000000000e+00
1.000000000000000000e+00
1.000000000000000000e+00
9.779949866950485848e-01
9.886354222763805710e-01
9.109122151195673256e-01
9.739551074922334628e-01
9.699921398411975870e-01
9.963306562483108531e-01
9.990674046781439221e-01
9.619621195433242233e-01
1.000000000000000000e+00
9.977752016669683144e-01
9.228862243787155917e-01
9.228862243787155917e-01
9.370681988182361088e-01
1.000000000000000000e+00
9.277189412023065795e-01
9.855353077531466832e-01
9.859621364548472044e-01
9.813074383867992356e-01
1.000000000000000000e+00
9.685915970040750445e-01
9.370681988182361088e-01
9.604034837035272387e-01
1.000000000000000000e+00
9.685554589979912254e-01
9.754498230440248330e-01
9.878814723443926082e-01
1.000000000000000000e+00
9.708601730637727023e-01
9.370681988182361088e-01
9.280042066343615614e-01
9.818315106098951528e-01
9.924486821330794628e-01
9.597364118493754148e-01
9.589982709521867044e-01
8.922183545258419723e-01
1.000000000000000000e+00
9.968519356707689072e-01
9.595320197735242029e-01
9.555211860899097687e-01
9.978913991565377950e-01
9.873979870614018051e-01
9.906033515028336289e-01
9.629584286570134211e-01
9.438290538293159226e-01
9.370681988182361088e-01
9.608018576500014785e-01
9.608018576500014785e-01
9.423964357213164833e-01
9.693043232871403347e-01
9.750539441583685463e-01
9.889963484144123074e-01
9.939444213940233919e-01
9.370681988182361088e-01
9.940893777567672007e-01
9.877720927391780981e-01
9.976177013190299370e-01
1.000000000000000000e+00
9.370681988182361088e-01
9.624397321264416272e-01
9.370681988182361088e-01
9.611281204698600700e-01
9.485467580469911786e-01
9.636781290616091011e-01
1.000000000000000000e+00
9.945502220101767321e-01
9.984668872778115212e-01
9.228862243787155917e-01
9.794498264502570217e-01
9.959356198112057079e-01
1.000000000000000000e+00
9.607239693232949573e-01
1.000000000000000000e+00
9.825613171840690274e-01
1.000000000000000000e+00
9.845106389724127549e-01
9.926329989902621387e-01
9.764731457256966562e-01
1.000000000000000000e+00
9.846682098797313598e-01
9.484081322435324868e-01
9.552142888443498903e-01
9.370681988182361088e-01
9.444501240867471115e-01
9.443895396471569947e-01
9.444292133327704120e-01
9.444254694050457921e-01
9.552175116170827929e-01
9.779057726821857033e-01
9.983704223847885695e-01
9.993595291677279668e-01
9.968743845228394962e-01
9.553678581247692092e-01
8.045971560850859738e-01
9.607721053453326387e-01
9.585112422829104029e-01
9.626198273310058173e-01
9.420225848688923431e-01
9.948993234960928911e-01
9.985771907835391259e-01
9.892791094099319116e-01
9.944868187791577885e-01
9.720067434249659577e-01
9.949307870085811745e-01
9.957822917118759332e-01
9.345176046926727542e-01
9.946017622316953855e-01
9.513396247921307447e-01
9.856399521007810360e-01
9.904669908528234146e-01
9.599661601593398874e-01
9.520168048797056359e-01
9.602607228230408687e-01
9.906597523757804113e-01
9.726396994840246224e-01
9.957079526170213857e-01
9.979767435773652107e-01
9.795017751454855315e-01
9.901591344937625827e-01
9.901591344937625827e-01
9.266003779035332233e-01
9.330897342020768592e-01
9.955441670867569703e-01
1.000000000000000000e+00
1.000000000000000000e+00
1.000000000000000000e+00
9.905610089183305433e-01
9.985941514323870560e-01
9.845637739435295632e-01
9.765718791949069555e-01
9.387618200464423746e-01
9.965784863822599871e-01
9.497887493196061071e-01
9.853415380441745697e-01
9.999310906679700350e-01
9.365103396919076673e-01
9.895593944619147653e-01
9.992736782163106346e-01
9.985941514323870560e-01
9.985747734596506220e-01
9.324361874503348524e-01
9.766642129781630821e-01
9.623314333527008824e-01
9.890633964723831717e-01
9.867582364807611084e-01
1.000000000000000000e+00
9.808256286031576954e-01
9.788872831892595494e-01
9.940453293088107323e-01
9.904383762089713494e-01
9.965964883844196098e-01
9.228862243787155917e-01
1.000000000000000000e+00
9.822619695481790147e-01
9.788752422527323693e-01
9.939725372255953095e-01
9.939815509208814737e-01
9.937145220759679987e-01
9.939012728931742036e-01
9.725267281973963840e-01
9.829987527925387880e-01
9.970209358445665249e-01
9.370681988182361088e-01
9.397908693732394125e-01
9.955329570002755535e-01
9.749389401122611210e-01
9.370681988182361088e-01
9.626230234509314254e-01
9.947750077299729599e-01
9.370681988182361088e-01
1.000000000000000000e+00
9.580275185415844108e-01
9.831321386615273772e-01
1.000000000000000000e+00
9.940581392981754361e-01
9.370681988182361088e-01
9.497109253075827207e-01
9.862665101720453631e-01
9.630900617222581950e-01
9.774205283795215360e-01
9.790424755928349709e-01
9.058881850083224663e-01
1.000000000000000000e+00
9.370681988182361088e-01
1.000000000000000000e+00
9.236082981232068834e-01
9.864399763668665333e-01
1.000000000000000000e+00
9.203016176273035587e-01
9.203141794494118511e-01
9.930341817299609408e-01
9.697142565024108318e-01
9.617382994841725541e-01
1.000000000000000000e+00
9.866019063343791640e-01
9.835419299049512620e-01
9.840387538713929461e-01
9.699270016485638246e-01
1.000000000000000000e+00
9.843061815418223670e-01
9.742868376975846179e-01
9.908702823547201888e-01
9.994026513988746308e-01
9.370681988182361088e-01
9.942650176946037366e-01
9.983147926729072363e-01
9.370681988182361088e-01
9.899386540861927486e-01
9.540121256225313484e-01
9.370681988182361088e-01
9.944030500974910813e-01
9.661524327909477572e-01
9.988801444050718903e-01
1.000000000000000000e+00
9.955917433364528391e-01
9.985938175870664457e-01
9.909055511872941757e-01
9.732780420243432040e-01
9.999784501078076149e-01
9.969722125115080269e-01
9.984665216100672147e-01
9.117035540840147112e-01
9.975386511739597895e-01
9.705491559472058105e-01
9.915634318194335162e-01
9.498599844145108051e-01
9.998756966899241538e-01
9.998410152933102646e-01
9.931808479679800072e-01
9.960090003312956908e-01
9.875212115543030578e-01
9.595866976825467853e-01
9.982358468780708760e-01
9.729444831435922758e-01
9.524106181406428728e-01
9.926782724376518319e-01
9.370681988182361088e-01
8.940697107345312311e-01
9.976936913984405519e-01
9.985233529899727456e-01
9.500682452736286532e-01
9.747697355413094122e-01
9.370681988182361088e-01
9.331236065090234844e-01
9.606614066732843682e-01
9.134651315742378097e-01
9.370681988182361088e-01
9.854943960940485415e-01
9.849845927622199460e-01
9.984408298084631594e-01
9.819864930986278440e-01
9.488096472634335310e-01
9.953729740954938565e-01
9.833502631110744296e-01
9.538424830127052445e-01
9.727614027863105139e-01
9.975589034890876006e-01
9.003469385799517388e-01
9.003469385799517388e-01
9.703139726148602984e-01
9.501560539926965365e-01
9.501189927518938205e-01
9.900567521762312362e-01
9.476273720012745594e-01
9.942621346773355961e-01
9.385229872994657052e-01
9.905055831732055838e-01
9.946964639987537771e-01
9.370681988182361088e-01
9.898943906870748544e-01
9.899908339130401025e-01
9.769587478304373462e-01
9.972700090205700585e-01
9.545827963195707699e-01
9.954918765701649130e-01
9.429813747848673211e-01
9.903331564162466405e-01
9.605241231896548548e-01
9.745475454893796075e-01
9.995248297478754873e-01
9.913888490012759958e-01
9.382368496601138919e-01
9.978195549201330783e-01
9.228862243787155917e-01
9.977681578457712197e-01
9.920591685893974665e-01
9.732530237793880490e-01
9.453728414582436290e-01
9.843940597917831825e-01
1.000000000000000000e+00
1.000000000000000000e+00
9.843945519543324529e-01
9.630064145608748793e-01
9.771932752193437377e-01
9.648682884122795622e-01
9.557222164074794524e-01
1.000000000000000000e+00
9.896720822574148757e-01
9.639547088439774924e-01
1.000000000000000000e+00
1.000000000000000000e+00
1.000000000000000000e+00
9.790516954291589302e-01
9.630128881461104129e-01
1.000000000000000000e+00
9.999845801202850160e-01
9.835225480595047864e-01
9.911290453213150720e-01
9.216543049441130453e-01
9.924358934181434222e-01
9.044593480259284224e-01
9.782977523328283409e-01
9.842458764771983004e-01
9.991568390859743021e-01
9.991823556095354997e-01
9.879198460248808100e-01
9.742365673043936747e-01
1.000000000000000000e+00
1.000000000000000000e+00
1.000000000000000000e+00
1.000000000000000000e+00
9.714076295187631382e-01
1.000000000000000000e+00
9.830369483255404495e-01
9.924939190132340272e-01
9.946395403138067470e-01
9.228862243787155917e-01
9.228862243787155917e-01
9.228862243787155917e-01
9.370681988182361088e-01
9.960969991968871007e-01
9.876393555353047971e-01
9.995404169969361874e-01
1.000000000000000000e+00
9.370681988182361088e-01
9.936881489406972356e-01
9.960969991968871007e-01
9.490701971462305320e-01
9.945089938242118732e-01
1.000000000000000000e+00
9.979194421448963626e-01
1.000000000000000000e+00
9.874012422440779924e-01
9.930357760482227958e-01
1.000000000000000000e+00
1.000000000000000000e+00
1.000000000000000000e+00
1.000000000000000000e+00
9.999921642487917817e-01
9.858445161179767435e-01
1.000000000000000000e+00
1.000000000000000000e+00
1.000000000000000000e+00
1.000000000000000000e+00
9.953633111544816225e-01
1.000000000000000000e+00
1.000000000000000000e+00
1.000000000000000000e+00
1.000000000000000000e+00
9.968524285720751221e-01
9.936976376984204551e-01
9.949188930922758800e-01
9.913054071283093904e-01
1.000000000000000000e+00
1.000000000000000000e+00
1.000000000000000000e+00
9.932467715783838136e-01
9.998951705941813151e-01
1.000000000000000000e+00
1.000000000000000000e+00
9.973519643099477694e-01
9.700010451081130247e-01
1.000000000000000000e+00
9.975968555696004270e-01
9.405071121757926367e-01
1.000000000000000000e+00
1.000000000000000000e+00
1.000000000000000000e+00
9.901728953863730975e-01
9.960667402930518666e-01
1.000000000000000000e+00
8.450497702878302375e-01
9.790561248374410885e-01
9.617766036196137014e-01
9.717283429455266797e-01
9.960969991968871007e-01
1.000000000000000000e+00
1.000000000000000000e+00
9.573489811605998545e-01
9.941082253395856494e-01
9.939334635279963859e-01
9.939304420650849625e-01
9.555225753408627121e-01
9.767602803731607608e-01
1.000000000000000000e+00
1.000000000000000000e+00
9.929915401871770575e-01
1.000000000000000000e+00
9.957057211518340889e-01
9.820850643937799607e-01
9.960667402930518666e-01
9.950393785772134736e-01
9.794967487942131124e-01
9.975331018650450687e-01
1.000000000000000000e+00
9.109122151195673256e-01
9.405801850644804896e-01
1.000000000000000000e+00
1.000000000000000000e+00
9.998522210005447164e-01
9.710461226584486960e-01
9.848685833974407666e-01
1.000000000000000000e+00
1.000000000000000000e+00
1.000000000000000000e+00
1.000000000000000000e+00
9.999999894632878306e-01
1.000000000000000000e+00
1.000000000000000000e+00
1.000000000000000000e+00
9.370681988182361088e-01
1.000000000000000000e+00
9.261514652308894258e-01
1.000000000000000000e+00
9.792947621615359921e-01
1.000000000000000000e+00
1.000000000000000000e+00
1.000000000000000000e+00
1.000000000000000000e+00
1.000000000000000000e+00
9.339339285514279831e-01
1.000000000000000000e+00
9.790848064153094832e-01
1.000000000000000000e+00
9.960667402930518666e-01
1.000000000000000000e+00
1.000000000000000000e+00
9.968593187247339893e-01
9.785388862738675364e-01
9.968593187247339893e-01
8.975056749414950241e-01
9.951272307736562794e-01
1.000000000000000000e+00
1.000000000000000000e+00
9.926465928258150218e-01
9.999567542372241880e-01
9.370681988182361088e-01
1.000000000000000000e+00
1.000000000000000000e+00
9.958573086078296166e-01
1.000000000000000000e+00
9.992785924573610590e-01
9.557442857686072601e-01
9.997537676462032730e-01
9.997706656435058070e-01
9.997133868706576942e-01
9.960237704210890275e-01
9.370681988182361088e-01
9.932410747671235329e-01
9.939765470168918648e-01
9.302642962116535186e-01
9.935577304055672743e-01
9.953245894687823281e-01
9.612742768872880594e-01
9.841883837915430533e-01
9.929708937114116729e-01
7.622007686314627994e-01
9.989493756197601604e-01
9.848544539527928077e-01
9.944389596391101094e-01
9.908062147218243965e-01
9.422637135497200500e-01
9.999139584455407626e-01
9.370681988182361088e-01
9.985719717507043347e-01
9.956948119713461276e-01
9.860291176785614953e-01
9.865330437799917362e-01
9.811920705960530675e-01
9.813208306465415198e-01
9.876070270166528164e-01
9.966591486784940335e-01
9.810302382662619003e-01
9.799515080161486091e-01
9.641968671052373319e-01
9.913484243304779842e-01
9.386983313073622437e-01
9.929032225194183159e-01
9.931912011492552983e-01
9.575224040728058661e-01
1.000000000000000000e+00
9.997428576344457030e-01
1.000000000000000000e+00
9.999881069408549372e-01
9.987912803008974771e-01
9.954184772155625360e-01
9.958849360783113003e-01
9.999278865420559992e-01
9.948776142254115440e-01
9.969649382450532782e-01
9.995844135925027185e-01
9.999918998036101403e-01
9.997847878325096804e-01
9.672997170825285984e-01
9.997618915751701474e-01
9.985111623043966267e-01
9.908891604292915378e-01
9.966500578805412847e-01
9.971883866578385991e-01
9.370681988182361088e-01
9.283233910085318952e-01
9.491302324141036584e-01
9.999999894632878306e-01
9.999999894632878306e-01
1.000000000000000000e+00
9.998258004894652329e-01
1.000000000000000000e+00
9.916467652815298406e-01
9.370681988182361088e-01
9.999999894632878306e-01
1.000000000000000000e+00
9.999999894632878306e-01
9.941523834597941756e-01
9.657829741813676039e-01
1.000000000000000000e+00
9.965343291834062311e-01
9.999953958305430879e-01
1.000000000000000000e+00
9.996074528948881710e-01
9.475895467313185661e-01
9.370681988182361088e-01
9.770914841605460310e-01
1.000000000000000000e+00
9.756065849950520397e-01
9.990062368236408696e-01
9.982722764365952184e-01
9.999107105473592494e-01
9.984986472937074087e-01
9.978675280056544805e-01
9.985939157569665436e-01
9.976010256998357750e-01
9.995023059636625185e-01
9.999231801254828689e-01
1.000000000000000000e+00
9.999852702568050589e-01
9.996681187928205814e-01
9.350661960822558294e-01
9.760191516333948103e-01
9.999882162101548788e-01
1.000000000000000000e+00
9.850459835020600741e-01
9.985061144073922312e-01
1.000000000000000000e+00
9.957845138448925271e-01
9.756877853553590496e-01
1.000000000000000000e+00
1.000000000000000000e+00
1.000000000000000000e+00
9.307546267723364464e-01
9.818799316077311268e-01
6.985722351543535158e-01
6.985774609289174819e-01
9.557439221159487186e-01
9.916741506416402174e-01
9.405796152964178702e-01
9.506631105546150540e-01
9.985901030612955864e-01
9.692543131550972468e-01
9.832797093414891165e-01
9.923456330779323320e-01
9.889823729056081980e-01
9.979195021497664353e-01
1.000000000000000000e+00
9.975939552256438692e-01
9.789652765821915681e-01
1.000000000000000000e+00
1.000000000000000000e+00
9.965450700025656472e-01
9.427468759835896384e-01
9.427327603382320564e-01
9.915049528359576314e-01
9.955296158519826299e-01
9.927902146682465734e-01
9.834030660554194947e-01
9.930526261965579859e-01
9.466131186094107752e-01
9.823251261258932887e-01
9.410941951056087662e-01
9.890320724643957284e-01
1.000000000000000000e+00
9.685554589979912254e-01
1.000000000000000000e+00
9.985538064504417832e-01
9.997944177303914604e-01
9.581093953294060883e-01
9.491853393847201614e-01
1.000000000000000000e+00
9.955090676212741130e-01
9.851566406675081877e-01
1.000000000000000000e+00
1.000000000000000000e+00
9.567292350099064757e-01
9.228862243787155917e-01
9.235415087896580166e-01
1.000000000000000000e+00
9.990966451246758862e-01
9.861948634841173345e-01
9.999630864850993506e-01
9.804278263124353021e-01
1.000000000000000000e+00
9.228862243787155917e-01
9.953558415958866368e-01
1.000000000000000000e+00
9.642084912652958417e-01
9.999673811471213591e-01
9.809446602293191431e-01
9.398450567744716100e-01
1.000000000000000000e+00
1.000000000000000000e+00
9.759025300590967733e-01
1.000000000000000000e+00
1.000000000000000000e+00
1.000000000000000000e+00
9.980102839237721124e-01
9.618069130386003307e-01
9.999881836704354043e-01
9.818749717324415371e-01
9.611345625683569427e-01
1.000000000000000000e+00
9.875626072793824983e-01
9.512522689193241288e-01
9.998191617341601889e-01
9.627966266311670518e-01
9.959324834190885767e-01
9.900557818331837678e-01
9.827093267141024935e-01
1.000000000000000000e+00
9.981134937242904792e-01
1.000000000000000000e+00
9.991377606996593164e-01
9.981170937181368386e-01
9.968487168255135700e-01
9.871825057442812357e-01
9.907120396162414355e-01
9.992217916230402563e-01
9.983838505278170850e-01
9.072968152897235017e-01
9.370681988182361088e-01
9.979870203776286530e-01
9.826220245213524995e-01
7.856440402044410076e-01
7.856187478851111017e-01
9.512662557229198956e-01
9.964987410269171564e-01
9.904075616642604718e-01
9.944356278554452588e-01
9.946156684650216961e-01
9.984486861285963855e-01
9.962625835123477547e-01
9.556747694846852159e-01
9.133484948343076892e-01
9.992002354936071473e-01
9.459184587075778472e-01
9.990727384703461667e-01
9.963453106110151669e-01
9.353701691406047791e-01
1.000000000000000000e+00
9.997762513507396642e-01
9.370681988182361088e-01
9.849408800218193427e-01
9.831043188981477554e-01
9.971275518073902111e-01
9.920307688471416974e-01
9.920384173873590949e-01
9.608068470047785858e-01
9.999999894632878306e-01
9.797192817044375612e-01
9.999999894632878306e-01
9.981259694779409664e-01
9.767000339571283440e-01
1.000000000000000000e+00
9.543429668787019038e-01
9.866773595995473878e-01
9.985258101283897014e-01
8.977217491732870647e-01
9.937418703440993317e-01
9.498697785193579435e-01
9.370681988182361088e-01
9.971881109551772315e-01
9.971866210038876632e-01
9.901640924595547233e-01
9.968391535919817192e-01
9.968391535919817192e-01
9.777045681729804594e-01
9.834808317405385747e-01
9.897846842240374254e-01
9.882991593745743542e-01
9.867462854062926114e-01
9.370681988182361088e-01
8.140328078660842293e-01
9.961772401766287865e-01
9.962659353564002895e-01
8.935628274422581230e-01
9.967964220117767615e-01
9.669395532257798465e-01
9.997386203277228711e-01
9.553448430161103344e-01
9.974785187997997626e-01
9.980178968407605877e-01
9.950236309645085209e-01
9.951201764126119675e-01
9.968490808089004451e-01
9.923730889726614102e-01
9.652230373841618194e-01
9.121730796766270855e-01
9.877815999111861922e-01
9.856681451174732489e-01
9.729437244230255688e-01
9.973359130120950100e-01
9.982395240693322513e-01
9.785706937508655834e-01
9.937597769125209313e-01
9.979500701729839829e-01
9.556690316809371977e-01
9.894111954829871713e-01
9.998452167769059651e-01
1.000000000000000000e+00
9.752960915606787573e-01
9.670181907719508363e-01
9.941984053841907976e-01
1.000000000000000000e+00
9.673071204575471871e-01
1.000000000000000000e+00
9.408894353177350567e-01
9.739305681717705943e-01
9.984776249275836291e-01
9.669930042029520889e-01
9.462085698502592512e-01
9.987427614830538536e-01
8.307348965266361240e-01
7.942942042187317586e-01
9.370681988182361088e-01
9.934951023017575267e-01
9.787533296234744995e-01
9.929153539997026545e-01
1.000000000000000000e+00
9.911622422827167656e-01
9.680297649424746131e-01
9.085754367189826652e-01
9.370681988182361088e-01
9.329564107121021133e-01
9.999328081749128128e-01
9.872558491320729823e-01
9.890241396141286057e-01
9.955492411353563664e-01
9.946182549360871317e-01
9.829467048538838014e-01
9.752316345460424474e-01
9.228862243787155917e-01
9.370681988182361088e-01
9.774025102253264263e-01
5.627038246069726579e-01
9.995165977314300898e-01
9.734234108402216590e-01
1.000000000000000000e+00
9.782292112271433471e-01
9.782292112271433471e-01
1.000000000000000000e+00
9.862911914443827088e-01
9.972762276338070775e-01
1.000000000000000000e+00
9.152185857372752142e-01
9.806938305587196147e-01
1.000000000000000000e+00
1.000000000000000000e+00
9.977368836271433006e-01
9.009795656919570295e-01
9.949407805457129994e-01
9.831384566527008317e-01
9.999690456736325395e-01
9.228862243787155917e-01
9.933850598371107843e-01
9.930612191528234156e-01
1.000000000000000000e+00
9.999148297692623810e-01
9.330346129974133040e-01
9.969430221233378520e-01
9.266003779035332233e-01
9.897487553335115873e-01
9.593999932864447633e-01
9.904004689556080709e-01
9.985931552382762977e-01
9.177043119468711874e-01
9.971671829597175130e-01
9.170665687345127548e-01
9.746915497999174560e-01
9.741489960301269457e-01
9.985941655118546478e-01
9.797705342641350734e-01
9.999903050624380230e-01
1.000000000000000000e+00
1.000000000000000000e+00
1.000000000000000000e+00
1.000000000000000000e+00
9.683855122965531192e-01
9.967090934639822875e-01
9.985929338510208808e-01
1.000000000000000000e+00
9.370681988182361088e-01
1.000000000000000000e+00
9.876089455088015168e-01
9.972610346566107564e-01
9.280318048952289622e-01
9.953842541836201985e-01
1.000000000000000000e+00
9.943572272241331111e-01
9.970739900825054125e-01
1.000000000000000000e+00
9.952769682690546516e-01
1.000000000000000000e+00
9.953756994564341154e-01
9.794958257019227288e-01
1.000000000000000000e+00
1.000000000000000000e+00
9.967942891655213744e-01
9.370681988182361088e-01
9.980048140019007752e-01
9.918517024306390262e-01
1.000000000000000000e+00
1.000000000000000000e+00
9.995231625838205680e-01
9.668270285191662428e-01
9.982291505331666315e-01
9.977548847699144741e-01
9.981977655770483127e-01
9.918852766640735563e-01
9.929044935396635907e-01
1.000000000000000000e+00
9.974938933723455081e-01
9.949138037306028970e-01
1.000000000000000000e+00
8.980003765677908589e-01
9.994911047519365876e-01
1.000000000000000000e+00
8.751887162696379008e-01
9.561437265370973382e-01
9.847875043726666000e-01
1.000000000000000000e+00
9.629028147250391356e-01
9.965677489109407983e-01
9.918258528534205087e-01
9.965677489109407983e-01
9.851355333708056161e-01
9.985050729214988152e-01
1.000000000000000000e+00
1.000000000000000000e+00
9.894720743234467486e-01
1.000000000000000000e+00
1.000000000000000000e+00
9.377767428359894408e-01
1.000000000000000000e+00
1.000000000000000000e+00
1.000000000000000000e+00
9.851914342155581039e-01
9.298782229597570836e-01
9.795834023904660404e-01
9.708348590793584032e-01
1.000000000000000000e+00
1.000000000000000000e+00
1.000000000000000000e+00
9.997616719430795218e-01
1.000000000000000000e+00
1.000000000000000000e+00
9.979956193758567906e-01
1.000000000000000000e+00
9.731377016425905024e-01
9.774740323824416821e-01
9.286980118408463269e-01
1.000000000000000000e+00
9.181494033433965640e-01
1.000000000000000000e+00
9.985736923555734723e-01
9.982087436313917816e-01
9.900683311885377647e-01
9.937542917973855028e-01
9.477876030750782554e-01
9.003469385799517388e-01
9.579563641266225504e-01
9.999538105031073876e-01
9.999538105031073876e-01
9.927867288739408158e-01
9.999573636503868990e-01
9.966970415043530096e-01
9.681511626039935869e-01
9.639139342911817732e-01
9.986378162714724116e-01
9.472943832837630307e-01
9.723658844982572269e-01
9.964970872671953250e-01
1.000000000000000000e+00
9.626354318180233571e-01
9.724469025291833102e-01
1.000000000000000000e+00
9.674142303775140617e-01
9.971714195371139677e-01
9.866505058459636990e-01
9.949610244496858158e-01
9.974950574163288231e-01
9.592345356669450540e-01
9.457670545799647943e-01
9.618148841839079255e-01
9.749442140825345104e-01
9.716180448337968789e-01
9.730730010015649079e-01
9.970855969847914890e-01
1.000000000000000000e+00
9.447547955174629974e-01
9.370681988182361088e-01
9.536460304257626808e-01
9.317434868986863572e-01
9.315629589903287044e-01
9.960661109947059888e-01
9.960661109947059888e-01
8.996326253423815311e-01
1.000000000000000000e+00
9.613355817777552437e-01
9.613355817777552437e-01
9.827993318540207968e-01
9.797379073223415613e-01
9.690251803179354972e-01
9.714511508206676860e-01
9.427152496494092260e-01
9.415384798788720699e-01
9.849506474143270296e-01
9.957906511502208069e-01
9.956062411864804451e-01
9.839677719392392330e-01
9.922021795797414390e-01
9.910346896886209622e-01
9.907596015385212729e-01
9.390544004918975896e-01
9.948013481208259901e-01
9.630933401137922178e-01
9.974003723206497085e-01
9.690399074358121423e-01
9.999497864871864650e-01
9.733580053842838531e-01
9.945715556904249910e-01
1.000000000000000000e+00
1.000000000000000000e+00
9.592875923634687219e-01
9.909686107810409261e-01
9.881006079372991469e-01
9.228862243787155917e-01
9.999463391402383383e-01
9.235998874777942014e-01
9.973579580374699605e-01
9.978154004975020586e-01
9.714941565625176967e-01
9.999999894632878306e-01
9.881837333604633899e-01
9.370681988182361088e-01
9.999999894632878306e-01
9.975478387038697603e-01
9.889590355509821906e-01
9.659718756192413602e-01
9.659718756192413602e-01
9.999806159546038575e-01
9.999999894632878306e-01
9.999922464545812906e-01
9.945553045834388817e-01
1.000000000000000000e+00
1.000000000000000000e+00
9.370681988182361088e-01
9.837324150399568978e-01
9.953374506185163062e-01
9.999999894632878306e-01
9.881648318051069468e-01
9.971838854746707392e-01
9.999921073484950851e-01
8.591200782339961650e-01
1.000000000000000000e+00
9.987704655656538533e-01
9.370681988182361088e-01
9.630794102842974436e-01
9.645192929743742205e-01
1.000000000000000000e+00
9.919632047223526650e-01
1.000000000000000000e+00
9.722317964842210891e-01
9.941799917412655896e-01
9.370681988182361088e-01
9.370681988182361088e-01
9.852550029170651369e-01
9.726929021659534991e-01
9.370681988182361088e-01
9.370681988182361088e-01
9.854344956553713342e-01
1.000000000000000000e+00
1.000000000000000000e+00
9.999999894632878306e-01
9.973407275018095763e-01
9.841725942763142054e-01
9.904473458618880954e-01
9.962032079676350627e-01
9.933166847493716256e-01
9.885481571581370419e-01
9.577631092137811608e-01
9.588952448954970453e-01
9.488671054180655151e-01
9.999999894632878306e-01
1.000000000000000000e+00
9.826899986755011085e-01
9.768467076916340641e-01
1.000000000000000000e+00
8.811494385686868824e-01
9.848848999131554205e-01
1.000000000000000000e+00
9.999846675523055284e-01
9.778896479341061543e-01
9.964962406741985079e-01
9.784361186342394046e-01
9.950578033531887190e-01
9.948185845458767940e-01
1.000000000000000000e+00
9.908980584093706190e-01
9.971893379776251010e-01
9.980118911042448193e-01
9.719828967402694975e-01
9.653219228238060223e-01
9.966340398366845266e-01
9.980118911042448193e-01
9.962840874232813393e-01
9.032047552530364509e-01
9.824023180134324740e-01
9.921833216047032389e-01
9.971753447706235285e-01
9.319552239250085135e-01
9.959581334918135020e-01
1.000000000000000000e+00
9.862191286810548796e-01
1.000000000000000000e+00
1.000000000000000000e+00
1.000000000000000000e+00
1.000000000000000000e+00
1.000000000000000000e+00
1.000000000000000000e+00
9.953368114108761544e-01
9.953073714005388206e-01
9.855429425964423729e-01
9.941244450226983664e-01
9.947744330750869501e-01
9.952301776964623814e-01
9.980119557058458879e-01
9.982814418429108994e-01
9.535510186142827083e-01
9.737527433895912798e-01
9.774953501749370499e-01
9.977087098888537398e-01
9.370681988182361088e-01
9.663456113861252916e-01
9.719164482232879321e-01
9.990764009510935129e-01
9.534982035273146250e-01
9.821541922867158547e-01
9.793699145944706475e-01
9.998014713339399284e-01
9.727513614154065236e-01
9.442302199392192952e-01
9.985939841881735779e-01
9.999963898880784852e-01
9.109122151195673256e-01
9.742467253684843342e-01
1.000000000000000000e+00
9.370681988182361088e-01
9.109122151195673256e-01
9.997472829340051659e-01
9.973187003647845383e-01
9.973156618272358553e-01
9.971515283032704735e-01
9.970280759306259233e-01
9.706594736376146226e-01
9.912467150281762951e-01
9.909552782674729832e-01
9.930275964021689772e-01
9.965042573379647717e-01
9.994270603285980714e-01
9.873249230814111765e-01
9.942648145781094460e-01
9.684090616864886591e-01
9.904102132649034163e-01
9.881889328399218186e-01
9.907149774682890708e-01
9.109122151195673256e-01
9.881495648725490133e-01
9.911169101027240691e-01
9.789659687430485313e-01
9.944033249215503689e-01
9.921487847051457809e-01
9.610803887983107030e-01
9.963299110427972227e-01
9.830606984090508593e-01
9.943039726179596638e-01
9.617683240887952012e-01
9.819764976768918796e-01
9.797719348175316645e-01
9.952954612220423769e-01
9.833013604496186888e-01
9.914226517178559295e-01
9.528636460230426319e-01
9.946731142656588531e-01
9.925610821016137564e-01
9.706594736376146226e-01
9.946582658201961191e-01
9.770936174460966850e-01
9.927867288739485874e-01
9.999640928607566037e-01
9.999700769916006760e-01
9.714316554311337448e-01
9.999847474185921126e-01
9.999760612787448322e-01
9.999689230433285170e-01
9.699235183309462549e-01
9.694983382584234644e-01
9.385229872994657052e-01
9.945617341091590458e-01
1.000000000000000000e+00
9.228862243787155917e-01
9.999719039247811914e-01
9.999672215383684781e-01
9.996728689990619365e-01
9.975127747432095404e-01
9.387780189619562288e-01
9.974533581994848852e-01
1.000000000000000000e+00
9.998829528186760074e-01
9.988083851351060583e-01
9.997144962752462227e-01
9.889584310111998455e-01
9.999848385243138571e-01
1.000000000000000000e+00
9.999932601930964227e-01
9.956317603938527050e-01
9.999060690018376496e-01
9.228862243787155917e-01
9.975245344582970297e-01
9.965762275423214467e-01
9.872595989316781395e-01
9.714454258938490794e-01
9.967550858459132135e-01
9.821952933996546120e-01
9.978149169304487698e-01
9.522637465131470469e-01
9.993294971572020957e-01
9.840497387059456980e-01
9.602744766548594324e-01
9.706838524472414242e-01
9.917981455228814802e-01
1.000000000000000000e+00
9.999829612307603588e-01
9.998947965202894528e-01
9.688813234635845761e-01
9.834726608368973277e-01
9.548986180465947049e-01
9.844444049449400103e-01
9.958122739851298366e-01
9.752045668771236464e-01
9.665987533199337234e-01
9.999924555522414771e-01
9.946687745975367756e-01
9.967909668434031811e-01
9.901263976827308078e-01
1.000000000000000000e+00
9.574824957414715954e-01
1.000000000000000000e+00
1.000000000000000000e+00
9.938519760437215522e-01
9.983262805248929173e-01
1.000000000000000000e+00
9.912375827535007122e-01
9.955608615037274678e-01
9.370681988182361088e-01
1.000000000000000000e+00
9.979037984628182922e-01
1.000000000000000000e+00
9.945102854688742111e-01
9.844702250731762749e-01
9.927481798724336892e-01
9.716699050078634325e-01
1.000000000000000000e+00
9.962951394466632582e-01
9.926465928258150218e-01
9.880053721891297602e-01
9.999969906847639978e-01
1.000000000000000000e+00
9.937492623846083672e-01
9.965564875761342423e-01
9.965564875761342423e-01
9.965564875761342423e-01
9.965907846251542690e-01
9.965564875761342423e-01
1.000000000000000000e+00
1.000000000000000000e+00
9.520305677990688054e-01
9.925851175771589485e-01
9.957399359535960004e-01
9.820531177277339596e-01
9.998642617119540832e-01
9.997191619265267670e-01
9.976876492856852074e-01
9.922419608562381699e-01
9.655260497457551772e-01
9.876653393375000034e-01
9.874594940650702757e-01
9.962398369418884458e-01
9.790937033176397852e-01
9.875044539192630033e-01
9.701515156979394483e-01
9.712986301225909891e-01
9.929415050923731112e-01
9.370681988182361088e-01
9.590093589996606660e-01
9.804175401147966484e-01
9.999999894632878306e-01
9.988130732434834513e-01
9.711537886954952903e-01
9.972668803196693688e-01
9.533715025221831674e-01
9.923662995362172445e-01
9.947053828005905096e-01
9.872652285936148742e-01
9.997335325992812161e-01
9.869633940240082337e-01
9.494745272217067766e-01
9.494745272217067766e-01
9.236244885181554842e-01
9.928316864323436519e-01
1.000000000000000000e+00
9.346396854604838156e-01
9.999589172067279153e-01
9.978269761479814370e-01
9.370681988182361088e-01
9.370681988182361088e-01
9.492905662703370329e-01
9.994267166984062145e-01
1.000000000000000000e+00
9.985244838282021362e-01
9.523948361498530968e-01
9.974800465612740918e-01
9.994388761015762235e-01
9.991925979844019645e-01
9.995012930702061871e-01
9.973890864533954126e-01
9.507267982598948119e-01
9.980118654548606472e-01
9.983244718690743591e-01
9.998960629084311380e-01
9.845224361723571294e-01
9.370681988182361088e-01
9.969819378522226661e-01
1.000000000000000000e+00
9.999970780992424313e-01
9.996212006229667768e-01
9.848881274675451714e-01
9.705208457857318338e-01
9.716322472642774377e-01
9.624067819335451190e-01
1.000000000000000000e+00
9.865487919373168157e-01
1.000000000000000000e+00
1.000000000000000000e+00
9.633792616911613926e-01
1.000000000000000000e+00
1.000000000000000000e+00
9.910389659005220953e-01
9.907921912593720126e-01
9.903462543780283678e-01
9.837160283843342512e-01
9.901903962283173932e-01
9.999999894632878306e-01
9.999999894632878306e-01
9.977706435358506543e-01
9.370681988182361088e-01
9.751595367752691201e-01
9.992982222504742662e-01
1.000000000000000000e+00
9.370681988182361088e-01
9.983623071404524874e-01
1.000000000000000000e+00
1.000000000000000000e+00
9.999999894632878306e-01
1.000000000000000000e+00
9.370681988182361088e-01
9.633764729513785152e-01
9.436135602779625042e-01
9.723097563125211451e-01
9.892360167055882503e-01
9.612433469309618062e-01
9.203617778183406095e-01
1.000000000000000000e+00
9.858796342825623116e-01
1.000000000000000000e+00
1.000000000000000000e+00
9.567446001253924193e-01
1.000000000000000000e+00
9.998971146695091461e-01
9.904780330768409025e-01
9.985941185249338492e-01
9.999937649367669490e-01
9.360827063397205716e-01
1.000000000000000000e+00
9.896419800272985290e-01
9.678217820516840098e-01
9.680419991192481532e-01
9.975427198256363592e-01
9.988637230345573936e-01
9.985941814628951363e-01
9.524119260187267066e-01
9.964532619343284825e-01
9.999999894632878306e-01
9.109122151195673256e-01
1.000000000000000000e+00
9.889385626002085150e-01
9.970388599949464581e-01
9.999999894632878306e-01
1.000000000000000000e+00
1.000000000000000000e+00
9.970388599949464581e-01
9.608936291730871826e-01
9.861778589215861590e-01
9.949341980225849813e-01
9.999999894632878306e-01
1.000000000000000000e+00
9.370681988182361088e-01
1.000000000000000000e+00
9.880053721891297602e-01
1.000000000000000000e+00
1.000000000000000000e+00
8.907806962282309726e-01
9.370681988182361088e-01
9.733962344061021232e-01
9.989024957754113476e-01
9.999746498859189980e-01
8.891444730522298778e-01
9.932896440654807035e-01
9.958400567700650408e-01
9.946793330517151865e-01
1.000000000000000000e+00
8.907806962282309726e-01
9.970813246364090832e-01
9.228862243787155917e-01
9.946724950283065692e-01
9.970388599949464581e-01
9.938325320536557372e-01
1.000000000000000000e+00
9.990043594899878920e-01
9.979511019623338308e-01
9.851142963130579133e-01
9.999999894632878306e-01
9.370681988182361088e-01
1.000000000000000000e+00
9.981771971182722414e-01
9.995791739022630296e-01
9.978185871962506059e-01
9.370681988182361088e-01
9.982990230144349608e-01
1.000000000000000000e+00
9.370681988182361088e-01
9.936172149980482260e-01
9.370681988182361088e-01
1.000000000000000000e+00
9.370681988182361088e-01
9.999999894632878306e-01
9.906747491837372133e-01
9.996913344618055808e-01
9.203243252543074071e-01
9.979932235932517104e-01
9.412817313290696708e-01
9.370681988182361088e-01
9.966315837611294803e-01
9.976322784743228977e-01
9.949465318610393183e-01
9.946450117155809512e-01
9.972423378806225536e-01
9.945110461344427444e-01
9.872202789560138303e-01
9.861224965537100928e-01
9.750536097056228257e-01
9.942062652634020559e-01
9.588689320281117423e-01
9.770336068502457616e-01
9.803398263200460150e-01
9.805033253113059066e-01
9.842225144636883583e-01
9.928565773938194949e-01
9.920746680181850019e-01
9.175544220838409704e-01
9.555225753408627121e-01
9.172152424957487060e-01
9.186547907880668884e-01
8.931591266644725025e-01
9.235824921143673816e-01
9.183825527178390846e-01
9.971702300813272135e-01
9.918466607339283536e-01
9.550534031215107689e-01
9.853612953730830348e-01
9.748016135596598852e-01
9.701615915784843613e-01
9.903555885243346957e-01
9.773389582847716861e-01
9.637889669239451118e-01
9.774434897926409516e-01
9.370681988182361088e-01
9.011863475645811583e-01
9.730769650102333301e-01
9.217423780345812556e-01
9.165078215579895993e-01
9.589676106445506054e-01
9.370681988182361088e-01
9.895378107468022488e-01
9.974349103161455066e-01
9.985652935287474552e-01
9.858742503251854972e-01
9.716984752214746779e-01
9.896581236761983202e-01
9.979193641821326732e-01
9.932885978829116835e-01
9.999999894632878306e-01
8.872381898167361891e-01
9.815736261493355208e-01
9.975585949177004919e-01
9.463855802582986643e-01
9.912498418973404446e-01
9.869526817967200216e-01
9.921650175462735088e-01
9.868836906690851007e-01
9.815326957000944930e-01
9.593307226277558719e-01
1.000000000000000000e+00
9.974817019071238189e-01
1.000000000000000000e+00
9.965763623920323999e-01
9.966297589402656198e-01
9.048117023845579920e-01
9.999999894632878306e-01
1.000000000000000000e+00
9.999999894632878306e-01
9.370681988182361088e-01
9.370681988182361088e-01
1.000000000000000000e+00
1.000000000000000000e+00
1.000000000000000000e+00
9.978256679442955024e-01
1.000000000000000000e+00
9.370681988182361088e-01
1.000000000000000000e+00
9.963948673229152675e-01
1.000000000000000000e+00
9.840604273461232010e-01
9.934620073047245592e-01
9.665586052850219101e-01
9.959692598769049887e-01
1.000000000000000000e+00
1.000000000000000000e+00
9.995036973911058942e-01
1.000000000000000000e+00
1.000000000000000000e+00
1.000000000000000000e+00
9.874850727183585031e-01
9.878706304451323472e-01
9.869498055871700481e-01
9.728368947362641128e-01
1.000000000000000000e+00
9.985926926615935617e-01
1.000000000000000000e+00
1.000000000000000000e+00
9.999805586782178901e-01
9.566698406091074247e-01
9.985331557948483594e-01
9.983512828098950465e-01
9.960029950066179305e-01
1.000000000000000000e+00
9.949493301568034243e-01
9.948214909460538768e-01
9.815326957000944930e-01
9.552850001476025366e-01
9.926959093923319877e-01
9.980116908199890835e-01
9.920861508476643831e-01
9.985939700019496046e-01
1.000000000000000000e+00
1.000000000000000000e+00
9.911102156524521645e-01
9.308636433571984004e-01
9.933866520860763494e-01
9.702706516807108050e-01
9.914483463368080063e-01
9.935760762463842211e-01
9.943610062462848731e-01
9.920011775289185874e-01
9.953383031364644307e-01
9.365657333361414594e-01
9.825403651149362538e-01
9.818951111403185772e-01
9.910183387922806286e-01
9.509470605979160052e-01
9.705491580057887813e-01
9.791590342659981516e-01
9.845164189375138486e-01
9.925553296083600152e-01
9.875850974675173255e-01
9.681708378483783184e-01
9.936879876064764749e-01
9.985913692827118604e-01
9.917550892411002295e-01
9.985941868459708992e-01
9.999928486844982256e-01
1.000000000000000000e+00
1.000000000000000000e+00
9.997356508905869132e-01
9.997591930614814215e-01
9.980029772300976765e-01
9.569277064760761675e-01
9.864018381353419906e-01
9.748407590578550552e-01
9.710171105585214679e-01
9.499707985397345400e-01
9.621451830094739366e-01
9.925458580855291979e-01
1.000000000000000000e+00
9.326499679077413507e-01
9.555225753408627121e-01
9.956276139738272635e-01
9.867983286961449219e-01
9.564383258336776050e-01
9.210029162787191082e-01
8.628268415950846038e-01
9.447018591938609600e-01
9.111281821739428688e-01
9.348134702314705446e-01
9.754802075383198767e-01
9.842223810685166718e-01
9.580417411120091264e-01
9.821519661718690619e-01
9.894593487421112776e-01
9.999936041897005135e-01
9.659838309333966810e-01
9.386323814977436397e-01
1.000000000000000000e+00
9.898296583098816770e-01
9.999612474252719263e-01
1.000000000000000000e+00
9.999911564213231907e-01
9.999911564213231907e-01
1.000000000000000000e+00
9.999970521299793580e-01
9.572824671409557729e-01
9.999526427956942909e-01
9.390544004918975896e-01
1.000000000000000000e+00
1.000000000000000000e+00
9.390544004918975896e-01
9.888835448838845243e-01
9.993013813475482010e-01
9.969769662680141309e-01
9.899250030285126067e-01
1.000000000000000000e+00
9.907535552015018787e-01
1.000000000000000000e+00
1.000000000000000000e+00
9.970064223533383618e-01
9.725935207208492583e-01
9.608239753434016928e-01
1.000000000000000000e+00
9.930827926716214726e-01
9.793752734059877341e-01
9.228862243787155917e-01
1.000000000000000000e+00
1.000000000000000000e+00
1.000000000000000000e+00
9.985910328183326135e-01
9.636562930306444841e-01
9.997913766480592823e-01
9.441111462067690585e-01
9.580464550563281279e-01
9.228862243787155917e-01
9.580044484961688367e-01
9.228862243787155917e-01
9.444677204614911892e-01
9.420859398263843332e-01
1.000000000000000000e+00
9.370681988182361088e-01
8.963880248181007593e-01
9.627686662444920884e-01
1.000000000000000000e+00
9.999368883750692216e-01
1.000000000000000000e+00
8.993016393343378212e-01
9.199317784929565978e-01
1.000000000000000000e+00
1.000000000000000000e+00
1.000000000000000000e+00
1.000000000000000000e+00
9.865168948043752106e-01
9.962015747878720795e-01
9.975066249934194662e-01
9.979887980432453620e-01
9.981986166264188443e-01
9.969968918137475100e-01
9.962595209705945587e-01
9.962595209705945587e-01
9.420566912310912588e-01
9.997444159888634330e-01
9.997068390375899449e-01
9.420656179920855466e-01
9.999590585762502259e-01
9.420583863933801316e-01
9.968301609162539823e-01
9.964566162582279008e-01
9.868028015415294396e-01
9.989595485440710965e-01
9.599845133152721255e-01
9.988159663608822125e-01
9.715212027752839763e-01
9.999647480757036799e-01
9.605161537406732286e-01
1.000000000000000000e+00
9.997225389150674602e-01
9.997786267218778944e-01
9.844558286182926166e-01
9.978455005020199220e-01
9.758400853999216196e-01
9.984343049208757037e-01
9.979921145758209322e-01
9.915392309685602257e-01
9.868031778576604740e-01
1.000000000000000000e+00
9.974936740502579058e-01
9.954791569470596846e-01
9.973024682713526046e-01
9.951779745212578909e-01
1.000000000000000000e+00
9.758906901378976428e-01
9.453383520715549215e-01
9.533338834047169197e-01
9.999849859246545680e-01
9.484787425603712352e-01
9.954579459316940104e-01
9.490633077798843464e-01
9.933920989702736959e-01
9.999828929445081505e-01
9.979866366718738169e-01
1.000000000000000000e+00
9.999497862329216336e-01
9.999829602664397354e-01
9.370681988182361088e-01
9.920078305175531463e-01
9.857629006714040409e-01
9.794957750047186273e-01
9.999165255037923972e-01
1.000000000000000000e+00
9.672825846457352439e-01
9.564743030350157937e-01
1.000000000000000000e+00
9.370681988182361088e-01
9.555225753408627121e-01
9.347215258018851669e-01
9.852777419823139926e-01
1.000000000000000000e+00
9.909620124728384383e-01
9.961802506802343027e-01
9.979839409071054046e-01
1.000000000000000000e+00
9.686964107728610607e-01
9.940050538550716519e-01
9.955039833235664881e-01
1.000000000000000000e+00
9.967000001047836566e-01
9.882798819470347551e-01
9.999940004919708469e-01
1.000000000000000000e+00
9.999966394990609242e-01
1.000000000000000000e+00
9.999777226817848641e-01
9.990022621878275055e-01
9.977954260987853541e-01
9.934595807530934852e-01
1.000000000000000000e+00
9.984768407190314221e-01
1.000000000000000000e+00
1.000000000000000000e+00
1.000000000000000000e+00
9.997566072337715770e-01
9.453332509818976881e-01
1.000000000000000000e+00
1.000000000000000000e+00
1.000000000000000000e+00
9.370681988182361088e-01
9.742363018508244377e-01
9.999969712129808119e-01
9.988273152200658478e-01
9.555225753408627121e-01
9.510031421541801366e-01
1.000000000000000000e+00
9.999963204992599053e-01
1.000000000000000000e+00
1.000000000000000000e+00
9.555225753408627121e-01
9.555225753408627121e-01
1.000000000000000000e+00
1.000000000000000000e+00
1.000000000000000000e+00
1.000000000000000000e+00
1.000000000000000000e+00
1.000000000000000000e+00
1.000000000000000000e+00
1.000000000000000000e+00
9.894065153499229659e-01
9.003469385799517388e-01
1.000000000000000000e+00
1.000000000000000000e+00
9.865681641750644326e-01
1.000000000000000000e+00
1.000000000000000000e+00
1.000000000000000000e+00
9.727213588296004243e-01
9.985940543953453208e-01
9.947831506839989180e-01
9.725839448927285913e-01
9.998318274749317114e-01
9.867000583483712672e-01
9.997802228841816685e-01
9.996035575709985022e-01
9.985230707965297992e-01
9.983810896815460412e-01
9.919300800150924191e-01
9.993199880269535429e-01
9.989666244874094714e-01
1.000000000000000000e+00
9.880501926828179071e-01
9.974590405310508334e-01
9.956245274158428415e-01
9.877217271103557739e-01
9.386162207257425782e-01
9.995773926701714274e-01
9.942149354039098164e-01
9.940227530302581105e-01
9.109122151195673256e-01
1.000000000000000000e+00
1.000000000000000000e+00
9.942464586842609808e-01
9.593270374771210030e-01
1.000000000000000000e+00
1.000000000000000000e+00
9.829987527925420077e-01
9.996555441770360595e-01
1.000000000000000000e+00
1.000000000000000000e+00
9.999772572055473097e-01
9.969002536859742358e-01
9.968360817137766894e-01
9.370681988182361088e-01
9.969210870457617668e-01
9.979194704086968848e-01
9.995728811518138635e-01
9.988721886677949247e-01
9.220272709162390390e-01
9.947191202100534868e-01
9.967727048344406926e-01
9.967450743647466860e-01
9.980076163711328885e-01
9.808687957826068837e-01
9.929062802007470045e-01
9.742746220407195734e-01
9.859306278399002643e-01
9.713464019911803859e-01
9.567040378788546073e-01
9.644625506747435129e-01
9.648870961885687159e-01
9.918441117006649987e-01
9.881922235354623218e-01
9.884056564726486638e-01
9.883224913553351199e-01
9.581980270937728861e-01
9.939690428714017534e-01
9.985167458373696014e-01
9.335873438593088602e-01
9.941925093780858980e-01
9.795064826589766627e-01
9.946964639987433410e-01
9.109793230972532685e-01
9.638049891156698079e-01
9.923513305132791729e-01
9.841272575760565688e-01
9.839538741223585738e-01
9.890181259894489374e-01
9.954215193802113948e-01
9.370681988182361088e-01
9.867122297032512312e-01
9.618368006119446534e-01
9.921580248625767595e-01
9.914234312523484416e-01
9.401629346055208059e-01
9.962713281948210042e-01
9.943187458658614419e-01
9.985027216340337519e-01
9.930712849713858592e-01
9.906467294742284935e-01
9.370681988182361088e-01
9.953348709304160602e-01
9.370681988182361088e-01
9.667667661920605893e-01
9.863243625636489709e-01
9.937219886992705309e-01
9.595107233163204796e-01
9.878844309964779358e-01
9.720225134138278378e-01
9.873365447019980534e-01
9.917268396631753191e-01
9.952370081529288148e-01
9.867734395347153020e-01
9.958017978474952292e-01
9.843962795757301709e-01
9.604115930109133892e-01
9.935098558899608800e-01
9.849101029916268457e-01
9.982193615478576199e-01
8.666184196965839304e-01
9.703210729011267910e-01
9.774656050555993181e-01
8.821231411875580797e-01
9.837916778882305202e-01
9.999643541362408516e-01
9.915843496695533332e-01
9.900332183460449631e-01
9.702588096531822304e-01
9.631617683790223428e-01
7.146355262565597943e-01
9.854795977824880593e-01
9.547606728163676726e-01
9.373472129785758167e-01
9.648873174207235337e-01
9.861479229565073279e-01
9.985901704236026521e-01
9.553179559275409849e-01
9.644591865348741688e-01
1.000000000000000000e+00
1.000000000000000000e+00
9.992811597088769870e-01
9.994649151446730606e-01
9.995753606921576884e-01
9.445467267057808813e-01
9.997717470785935090e-01
9.985624080198256536e-01
1.000000000000000000e+00
9.989717689856956184e-01
9.817334378910798076e-01
9.734388028739328069e-01
9.238948149546841737e-01
9.977395516843980960e-01
9.950530555326509985e-01
9.625622553323255337e-01
9.721771921234337865e-01
9.364817974430714731e-01
9.965282619479119974e-01
9.643688251522070098e-01
9.954860492513589731e-01
9.928087443354630670e-01
9.954447665898806807e-01
9.936673021477226975e-01
9.913774816319725902e-01
9.859187178202981627e-01
9.927077283749046188e-01
1.000000000000000000e+00
9.940569399101953918e-01
9.921585501582207423e-01
5.836733091584624944e-01
9.482027310025554767e-01
6.908147878022521393e-01
9.138561484012319713e-01
9.879522610322638565e-01
9.416135923143237330e-01
9.602470119672109616e-01
9.964794139856053556e-01
9.370681988182361088e-01
9.964301178273911042e-01
9.964301178273911042e-01
9.724361552375300199e-01
9.944459652691806095e-01
9.889282129729369819e-01
9.557840526466523379e-01
9.948035306127143151e-01
9.934978521754097569e-01
9.970246274259890740e-01
9.730545010481577162e-01
9.845742446589447194e-01
9.874392970394672009e-01
9.858866988243081275e-01
9.934061235915230270e-01
9.996377460026296680e-01
9.421323125545018051e-01
9.936310416736309215e-01
9.905055831732055838e-01
9.873358587305314238e-01
9.471974299577524681e-01
9.984785042490609275e-01
9.976294019539724278e-01
9.981010431396890592e-01
9.949358819237176244e-01
9.990921573441177150e-01
9.957215008660417199e-01
9.935648343681517947e-01
1.000000000000000000e+00
9.378454075972472159e-01
9.999970532600521711e-01
9.929673462203245649e-01
9.911087397852286207e-01
9.966563924496414373e-01
9.878249299679475737e-01
9.967532446878515362e-01
9.995913639226169378e-01
9.598501362229049372e-01
9.980002135218561943e-01
9.999215234890501680e-01
9.968755194961245181e-01
9.090932920157853703e-01
9.702697526842350984e-01
9.972631269133180876e-01
9.835784870605690511e-01
9.945755888843547110e-01
9.679466624070643954e-01
9.904651573942631071e-01
9.959039666300983917e-01
9.931099966945976520e-01
9.742475136909423128e-01
9.957111182199289701e-01
9.942816423279685623e-01
9.956684094534317131e-01
9.913042224592160112e-01
9.503175455240177039e-01
9.968770143131324701e-01
9.746851786061909717e-01
9.984608510073482712e-01
9.963231708951886256e-01
9.970344600801576140e-01
1.000000000000000000e+00
1.000000000000000000e+00
9.980615921950229952e-01
1.000000000000000000e+00
1.000000000000000000e+00
1.000000000000000000e+00
9.973727267451899525e-01
9.828223298410074804e-01
9.852298380447424009e-01
1.000000000000000000e+00
9.256686806469608397e-01
9.518308480788147952e-01
9.924294058749822955e-01
1.000000000000000000e+00
9.978565140820880863e-01
9.986731264935394536e-01
9.976155141111271440e-01
1.000000000000000000e+00
9.872114912397250697e-01
9.975693451997867944e-01
9.937294709837526385e-01
9.866116720370771143e-01
9.985823248611167546e-01
9.998682604409820929e-01
9.370681988182361088e-01
9.610264172694393814e-01
9.980812377298978744e-01
1.000000000000000000e+00
9.370681988182361088e-01
9.983300171795447264e-01
9.971277194255289134e-01
9.715539095579797113e-01
1.000000000000000000e+00
9.370681988182361088e-01
9.429559311417203826e-01
9.921474289389364820e-01
9.949772607680148484e-01
9.999999894632878306e-01
9.995524032538088965e-01
9.996052126784171765e-01
9.897696235524080510e-01
9.999999894632878306e-01
9.493977217411582181e-01
9.999999894632878306e-01
9.955644268006855757e-01
9.551739753146536449e-01
9.219538587737174939e-01
1.000000000000000000e+00
9.682411073356750331e-01
9.981453491491782959e-01
9.432350371333959593e-01
9.935138753210258633e-01
1.000000000000000000e+00
9.915506538478789933e-01
1.000000000000000000e+00
1.000000000000000000e+00
9.370681988182361088e-01
1.000000000000000000e+00
1.000000000000000000e+00
9.637165800342012423e-01
1.000000000000000000e+00
9.370681988182361088e-01
1.000000000000000000e+00
9.743201785374133728e-01
1.000000000000000000e+00
1.000000000000000000e+00
9.946436701607413999e-01
9.822280271493785131e-01
9.934271026306029650e-01
9.023302039605486380e-01
9.370681988182361088e-01
1.000000000000000000e+00
9.827844835279554436e-01
9.370681988182361088e-01
9.995546684987876018e-01
9.943369830983516122e-01
9.677499370399782475e-01
9.980088316089813505e-01
9.999999894632878306e-01
9.757629454614115128e-01
9.999999894632878306e-01
9.972602371122822884e-01
9.971883866578583611e-01
9.985915062491743655e-01
9.821680219000969991e-01
9.949483708034277951e-01
9.933565953082239552e-01
9.696717967234319557e-01
1.000000000000000000e+00
9.975606520070710026e-01
9.995329897142971598e-01
9.989493340733565097e-01
9.999999894632878306e-01
9.999643081384863574e-01
9.999999894632878306e-01
9.980113398368982702e-01
9.999999894632878306e-01
9.999799352475410297e-01
9.985941203263960508e-01
9.985941947013908804e-01
9.999999894632878306e-01
1.000000000000000000e+00
9.999999894632878306e-01
9.999999894632878306e-01
9.498090720584245750e-01
9.370681988182361088e-01
9.807902862094918239e-01
9.999999894632878306e-01
9.999999894632878306e-01
9.575052390225970989e-01
9.999895234398036292e-01
9.946104360313505754e-01
1.000000000000000000e+00
9.999999894632878306e-01
9.999999894632878306e-01
9.920246819930900184e-01
1.000000000000000000e+00
9.534781505328224771e-01
9.999825391864414215e-01
9.999999894632878306e-01
9.999755550345112987e-01
9.999999894632878306e-01
9.999999894632878306e-01
1.000000000000000000e+00
9.999999894632878306e-01
9.999999894632878306e-01
9.754517800591750998e-01
9.973058906246341504e-01
9.999999894632878306e-01
9.267729374081405957e-01
9.999999894632878306e-01
9.999999894632878306e-01
9.939352582485836418e-01
9.818859979156169260e-01
9.555225753408627121e-01
9.999999894632878306e-01
1.000000000000000000e+00
9.978323002531068742e-01
9.716282365204529370e-01
9.999949347996190951e-01
9.824060260805557165e-01
9.556340181680813561e-01
9.972115751676560169e-01
9.937738406202402119e-01
9.999949347996190951e-01
9.999949347996190951e-01
9.985347831956432607e-01
9.999320448705523168e-01
9.979719382992733312e-01
9.999949347996190951e-01
9.999949347996190951e-01
9.995622836857720461e-01
