5.705549840908233916e-01
5.678691383357061806e-01
5.716211407695518387e-01
5.710488281478955930e-01
5.707683346952775461e-01
5.715721159310473976e-01
5.715834233781675877e-01
5.708670300337612691e-01
5.680134867234059026e-01
5.716270093906429262e-01
5.706764344302746039e-01
5.716133127431886063e-01
5.712007022073621876e-01
5.710389025906358329e-01
5.667718166348090225e-01
5.678691383357061806e-01
5.548510482220599949e-01
5.659968386399202300e-01
5.714121696145972873e-01
5.711978050158713627e-01
5.557994197390869751e-01
5.705179690646952073e-01
5.716138025913799492e-01
5.716251192942884973e-01
5.699018392701616920e-01
5.709599647243499554e-01
5.692600802408203098e-01
5.699045698673583793e-01
5.697938016620608392e-01
5.711828644900758256e-01
5.680420061637538875e-01
5.714553110906525069e-01
5.713832751199937610e-01
5.712925801738624187e-01
5.695876259264303076e-01
5.697037256258012938e-01
5.695997862685215907e-01
5.715659716638803456e-01
5.656273901378990887e-01
5.711265839612191808e-01
5.607744395559093320e-01
5.715209883036012073e-01
5.715963664029993785e-01
5.639498076271751703e-01
5.712934158771197923e-01
5.678691383357061806e-01
5.715173657885163072e-01
5.607229931209588569e-01
5.678691383357061806e-01
5.707487180917896197e-01
5.678691383357061806e-01
5.714276435457632530e-01
5.713697714146066531e-01
5.710921320113405697e-01
5.365004320972569518e-01
5.715532228491846389e-01
5.678691383357061806e-01
5.665859402139650225e-01
5.699749554274315955e-01
5.714797821596958594e-01
5.468355103821624930e-01
5.714198323142447578e-01
5.694349861984523420e-01
5.678691383357061806e-01
5.714051149768185622e-01
5.671026501310532097e-01
5.212859389956875367e-01
5.715672714328596804e-01
5.678691383357061806e-01
5.706590776613120752e-01
5.688439615730478405e-01
5.578168205335161112e-01
5.698098114020219151e-01
5.659968386399202300e-01
5.693234285071957501e-01
5.705160245303848576e-01
5.715034842208679411e-01
5.707512897942169650e-01
5.673140587401734880e-01
5.233480575163711457e-01
5.656624703778756480e-01
5.650443594882685883e-01
5.643364485619679627e-01
5.706260580750222022e-01
5.700861776364083422e-01
5.667810125654451081e-01
5.707918039592577708e-01
5.708739095138005704e-01
5.654571128182197537e-01
5.684600740866458946e-01
5.698918267432573348e-01
5.702967667603811019e-01
5.665112872599216143e-01
4.769504044525442188e-01
5.696426589214731440e-01
5.702956763664244200e-01
5.678897579369712734e-01
5.712396917863358237e-01
5.643717388508774357e-01
5.401352282493165902e-01
5.711935533375158691e-01
5.706422341228831741e-01
5.668077211825059969e-01
5.696066939715838107e-01
5.714909621294286257e-01
5.705756391718246334e-01
5.677866652500231925e-01
5.678691383357061806e-01
5.716192844422534058e-01
5.711898503341943378e-01
5.680374027658834368e-01
5.704655337800578208e-01
5.712742296943693621e-01
5.634611546733301335e-01
5.668089727785622367e-01
5.659968386399202300e-01
5.672723644270198928e-01
5.698232435303881571e-01
5.716255156171330398e-01
5.625787970204171318e-01
5.679075453246967831e-01
5.689407230609045962e-01
5.672559212323566857e-01
5.696932873473601333e-01
5.699972406351481169e-01
5.706726894809608375e-01
5.716154894866007918e-01
5.716135946196656548e-01
5.715590738760503164e-01
5.712752104496137129e-01
5.712796143954137484e-01
5.554419675425681380e-01
5.715196286775185985e-01
5.678691383357061806e-01
5.651569424136446695e-01
5.622651163918700457e-01
5.709075179038161085e-01
5.375022416070573961e-01
5.708510037774177093e-01
5.667228286445216145e-01
5.678691383357061806e-01
5.714870379510677001e-01
5.666470963367148395e-01
5.714115236913102081e-01
5.716180427255270757e-01
5.710506751286787974e-01
5.566906271630044367e-01
5.714158477021736848e-01
5.714279048228046998e-01
5.324626298323916762e-01
5.678249396556650508e-01
5.712467479565331852e-01
5.716105291424438128e-01
5.678691383357061806e-01
5.709647898872429739e-01
5.708938465358236458e-01
5.710405552931976381e-01
5.715434740854370421e-01
5.715294338519758544e-01
5.714021298928764203e-01
5.703950260452150811e-01
5.667075608512227580e-01
5.715237681000053804e-01
5.641288572070658480e-01
5.715258979487083391e-01
5.688595434385580463e-01
5.715575772741665617e-01
5.678691383357061806e-01
5.713181864981755620e-01
5.704979070384555984e-01
5.716156249099824116e-01
5.714313506983281776e-01
5.695128832533338237e-01
5.714942242786436033e-01
5.669080583817280861e-01
5.712197154906237806e-01
5.678691383357061806e-01
5.661371103542632843e-01
5.704225647692688916e-01
5.672845126206387256e-01
5.690951646926888374e-01
5.711760227026939640e-01
5.678691383357061806e-01
5.656718092190672342e-01
5.170061545585684648e-01
5.692456464728783416e-01
5.611192506695880100e-01
5.714212688619613179e-01
5.352418291671721118e-01
5.714097876771497830e-01
5.699002911365211865e-01
5.653773928148746464e-01
5.715700403460972634e-01
5.678691383357061806e-01
5.706129345781500994e-01
5.681914367436722291e-01
5.710244325002354904e-01
5.709518692128348061e-01
5.700254652799794375e-01
5.710256711275727426e-01
5.714963804757207111e-01
5.669289068539637988e-01
5.706122374969864186e-01
5.697458351933214482e-01
5.714910426840871249e-01
5.697458351933214482e-01
5.713458519227170296e-01
5.709859590895363102e-01
5.595964597673254159e-01
5.715769131853054574e-01
5.646570623725833959e-01
5.715433388519776114e-01
5.712978790578022714e-01
5.690636469061893798e-01
5.644028961864655525e-01
5.657829236498809200e-01
5.714701313489456425e-01
5.690721292319994573e-01
5.695917786295241481e-01
5.704908414134594041e-01
5.714518873503287022e-01
5.668449476389956221e-01
5.668432273627701523e-01
5.706939957637688909e-01
5.650095079010453158e-01
5.286782514066887817e-01
5.250124304426155852e-01
5.254732848041128168e-01
5.551694432809877178e-01
5.551693038430385307e-01
5.551766290731912079e-01
5.678691383357061806e-01
5.678691383357061806e-01
5.692973104535887785e-01
5.706429975449086589e-01
5.678691383357061806e-01
5.700164464301549216e-01
5.609090779995753451e-01
5.686509435235351795e-01
5.704757856278567241e-01
5.705748480931627231e-01
5.714209563101630973e-01
5.716270094038677918e-01
5.716270094038677918e-01
5.680415571392676277e-01
5.588447301086789665e-01
5.715670619268592434e-01
5.678691383357061806e-01
5.713353323052845489e-01
5.709818448401893232e-01
5.711877570411487692e-01
5.662029745983057083e-01
5.713887570522377946e-01
5.598253849602234933e-01
5.712884153439523605e-01
5.688276011912269947e-01
5.690707265342224153e-01
5.705471281450712473e-01
5.663632557604243445e-01
5.441123439996478073e-01
5.654546094750223517e-01
5.711412333868748359e-01
5.684255554322084070e-01
5.693556965284769511e-01
5.706104876319324504e-01
5.705174320162403889e-01
5.712084116002777989e-01
5.678691383357061806e-01
5.563099866057314991e-01
5.632635588054488718e-01
5.678691383357061806e-01
5.686350340554007232e-01
5.703942428305525114e-01
5.703842370456289057e-01
5.704536516318570172e-01
5.662325090111176573e-01
5.704975303271924147e-01
5.707180683532544485e-01
5.711782545903436592e-01
5.714623707836687938e-01
5.599983663553744773e-01
5.715172287656264949e-01
5.715959664498453385e-01
5.716059778630625532e-01
5.714599356313754264e-01
5.685115221929104568e-01
5.687714521250365474e-01
5.715064785799260916e-01
5.715107943104114074e-01
5.366096359559495710e-01
5.659968386399202300e-01
5.716269562077420652e-01
5.141409801213532305e-01
5.457583420672538210e-01
5.678691383357061806e-01
5.715897841501179633e-01
5.696558088352381422e-01
5.713060130382661139e-01
5.574282402348309517e-01
5.713987412009110534e-01
5.666842501966401491e-01
5.692486897403373769e-01
5.705137302700573620e-01
5.713016488383070302e-01
5.698572847119462992e-01
5.707237252835886121e-01
5.709678668934662360e-01
5.692276766016122203e-01
5.716175454555817437e-01
5.633657875662980707e-01
5.685250637113903327e-01
5.708986437686331961e-01
5.697044944620597295e-01
5.697002485164124330e-01
5.696982742119676146e-01
5.713125615678212865e-01
5.701594078706859747e-01
5.707535826434675386e-01
5.657537585220862031e-01
5.672453928838145920e-01
5.710076038961167111e-01
5.708627075935607253e-01
5.678979360205433924e-01
5.716194111919111753e-01
5.716232926709301498e-01
5.714598808354265369e-01
5.714594620114445966e-01
5.716206204447888961e-01
5.716225426239024410e-01
5.716270094038677918e-01
5.713492947532041732e-01
5.695203967590819483e-01
5.716171890621852825e-01
5.705516806858785817e-01
5.678691383357061806e-01
5.715776933277114669e-01
5.698291915664118745e-01
5.693223716025102021e-01
5.716270094038677918e-01
5.716112235983331624e-01
5.716195554693381808e-01
5.715186493794277567e-01
5.690319268933807795e-01
5.716240612893797035e-01
5.652290163731470418e-01
5.712816655313586178e-01
5.715735921504230266e-01
5.716228224883205256e-01
5.716068494360784236e-01
5.678691383357061806e-01
5.713323991507887056e-01
5.710109217221385203e-01
5.715187945432396166e-01
5.694689469315756813e-01
5.700722689069177562e-01
5.705877528693339418e-01
5.715663188538064876e-01
5.710588294436922396e-01
5.716226598294751327e-01
5.696122497915254712e-01
5.706814658204386603e-01
5.696246428692930408e-01
5.700101756954597532e-01
5.716270094038677918e-01
5.670391717799871945e-01
5.716217183498991661e-01
5.703583969927952246e-01
5.666628782595406477e-01
5.627642138141346617e-01
5.716230891227127575e-01
5.703490552967205307e-01
5.630119720819971585e-01
5.701891794493059162e-01
5.714845605284090135e-01
5.716123257076759501e-01
5.711185528304705272e-01
5.659968386399202300e-01
5.716171980535320607e-01
5.715365857546549355e-01
5.716107756502526449e-01
5.615858923386318757e-01
5.700729548726606311e-01
5.691861148620172006e-01
5.716269476085318324e-01
5.678691383357061806e-01
5.700466216020819710e-01
5.659968386399202300e-01
5.696159520189250092e-01
5.714286024097690042e-01
5.714440452579723217e-01
5.703382044698217523e-01
5.715947034463298992e-01
5.711057800552605812e-01
5.641288572070658480e-01
5.715580195469249780e-01
5.686586871893062334e-01
5.696174570506841173e-01
5.694863111445969128e-01
5.714574407816666035e-01
5.711960270863873923e-01
5.709561098881772434e-01
5.716270092703998884e-01
5.706130325277248838e-01
5.716251259386303518e-01
5.716251259386303518e-01
5.716269992516838094e-01
5.716261144713652431e-01
5.670784961850536821e-01
5.716268667120580904e-01
5.696697010421674090e-01
5.712297049264953852e-01
5.716270094038677918e-01
5.716270094038677918e-01
5.716270094038677918e-01
5.716270094038677918e-01
5.714076347405363521e-01
5.714737257573474505e-01
5.641288572070658480e-01
5.705585388254177381e-01
5.699456855312434733e-01
5.715881429870202091e-01
5.716163445400417320e-01
5.713043166803862816e-01
5.716270094038677918e-01
5.716266284134898790e-01
5.659968386399202300e-01
5.659968386399202300e-01
5.678691383357061806e-01
5.716270094038677918e-01
5.694617435926412341e-01
5.714452822552920086e-01
5.714553060654754546e-01
5.713633900578067859e-01
5.716270094038677918e-01
5.712771804981005008e-01
5.678691383357061806e-01
5.714092744406171764e-01
5.716270094038677918e-01
5.716270018552418453e-01
5.711361342335383728e-01
5.713170501073123742e-01
5.716270094038677918e-01
5.695345963430498148e-01
5.678691383357061806e-01
5.658304143834937960e-01
5.675430444349609527e-01
5.715740223810603649e-01
5.704763245674056016e-01
5.709152405750099746e-01
5.658154565733337638e-01
5.716270094038677918e-01
5.716124693938048340e-01
5.683600995779034548e-01
5.697457179315780218e-01
5.716217672913702641e-01
5.716065744491165557e-01
5.715286538572093011e-01
5.716224310697001210e-01
5.713558412756618576e-01
5.678691383357061806e-01
5.709169517719059339e-01
5.709169517719059339e-01
5.709169517719059339e-01
5.703969712663752301e-01
5.714777581190338962e-01
5.715993811474737729e-01
5.715917133787481452e-01
5.678691383357061806e-01
5.714958084513330761e-01
5.715984445490097654e-01
5.716180234762182621e-01
5.716270094038677918e-01
5.678691383357061806e-01
5.713604317603805383e-01
5.678691383357061806e-01
5.714876473240286803e-01
5.662411919682919237e-01
5.697488675727335750e-01
5.716270094038677918e-01
5.716216119371668736e-01
5.716250697160314420e-01
5.659968386399202300e-01
5.713335753225705638e-01
5.716068406590357753e-01
5.716270094038677918e-01
5.692416271537982242e-01
5.716270094038677918e-01
5.713302421512933549e-01
5.716270094038677918e-01
5.714205830648058093e-01
5.715748804803850724e-01
5.707441760324317714e-01
5.716270094038677918e-01
5.716153099686380745e-01
5.690671163795790743e-01
5.696636279404199144e-01
5.678691383357061806e-01
5.684879582890887129e-01
5.698774683983423017e-01
5.698794990451307996e-01
5.698774683983423017e-01
5.696633730402936857e-01
5.715703732570418527e-01
5.715918862582457516e-01
5.716226757880764620e-01
5.716115598942734799e-01
5.670500772840280090e-01
5.394350505492784276e-01
5.699953055596322926e-01
5.701381431127398036e-01
5.700952512784385195e-01
5.671271862099502847e-01
5.715390377747266992e-01
5.716094929150482562e-01
5.714455324785845391e-01
5.715683157545129456e-01
5.714083753728498305e-01
5.716175905798811518e-01
5.716194751123762074e-01
5.676744095074188756e-01
5.707895991499576382e-01
5.709290919671133890e-01
5.714659843073188750e-01
5.715513116343786670e-01
5.701905141208711836e-01
5.713389813540659112e-01
5.699456897604744388e-01
5.713374589120739921e-01
5.697615744941917360e-01
5.716034041692641399e-01
5.715125927276870632e-01
5.715219758903484770e-01
5.716213591045368192e-01
5.716213591045368192e-01
5.712583056645390567e-01
5.707858408826281815e-01
5.716137858284596751e-01
5.716270094038677918e-01
5.716270094038677918e-01
5.716270094038677918e-01
5.708670981550072465e-01
5.716269540546419226e-01
5.714492601502072500e-01
5.715849735088434080e-01
5.684898342316870856e-01
5.715465007890978555e-01
5.687929912642104568e-01
5.715793692177321139e-01
5.716270092781985390e-01
5.682480347419263111e-01
5.706991685304074746e-01
5.716262616532803431e-01
5.716270094038677918e-01
5.716267726543873273e-01
5.708694797359655793e-01
5.713691195009048540e-01
5.707970317602688581e-01
5.684299262753553794e-01
5.716007865441539160e-01
5.716270094038677918e-01
5.710998246213956353e-01
5.706095319863464521e-01
5.716269411100809439e-01
5.713720207424367592e-01
5.716250690364057530e-01
5.716008854799374816e-01
5.716270094038677918e-01
5.715921715617062748e-01
5.716270089309039015e-01
5.715464906961719160e-01
5.715447549788139625e-01
5.716099997411877576e-01
5.716101645545750287e-01
5.710197311416308485e-01
5.711121821061763137e-01
5.716005215776176485e-01
5.678691383357061806e-01
5.714532724713794476e-01
5.716191857596846226e-01
5.713089307802703409e-01
5.678691383357061806e-01
5.704090470015359404e-01
5.715429970728052034e-01
5.678691383357061806e-01
5.716270094038677918e-01
5.709757190497951607e-01
5.716258458082410510e-01
5.716270094038677918e-01
5.716266795673174972e-01
5.678691383357061806e-01
5.693750114806730434e-01
5.701053663294199936e-01
5.713942004916798822e-01
5.713473454369066840e-01
5.712788424072866578e-01
5.673253439285887989e-01
5.716270094038677918e-01
5.678691383357061806e-01
5.716270094038677918e-01
5.648786607837195106e-01
5.716225914261787722e-01
5.716270094038677918e-01
5.610645261469264788e-01
5.610645261469264788e-01
5.715637573618064238e-01
5.707559265664881032e-01
5.714210062535232115e-01
5.716270094038677918e-01
5.714605599985489448e-01
5.713578214360505170e-01
5.713360482835783127e-01
5.712964783106153632e-01
5.716270094038677918e-01
5.714319530528721991e-01
5.710460320249941546e-01
5.716196332607702546e-01
5.716265028928009251e-01
5.678691383357061806e-01
5.712219042987876083e-01
5.716262819007676965e-01
5.678691383357061806e-01
5.716194335185159625e-01
5.695880215280710868e-01
5.678691383357061806e-01
5.715875851914281602e-01
5.709079204635814087e-01
5.716270094038677918e-01
5.716270094038677918e-01
5.716065998833503858e-01
5.716264511234266932e-01
5.715480923288881465e-01
5.710782227512332110e-01
5.716250339159429927e-01
5.716019774695557665e-01
5.709842573202101867e-01
5.662659563600005441e-01
5.714365126410317908e-01
5.686559955950936107e-01
5.715380586620631975e-01
5.669799715507765070e-01
5.716269946784482414e-01
5.716269814648204939e-01
5.712879157781164396e-01
5.716115651619017024e-01
5.714802901693775139e-01
5.691371737549569820e-01
5.716123275258027103e-01
5.706487415776193561e-01
5.687222671974652144e-01
5.715759232121254696e-01
5.678691383357061806e-01
5.655273324235888799e-01
5.716179066516993146e-01
5.716269121694246280e-01
5.693449633335943005e-01
5.706990258723654286e-01
5.678691383357061806e-01
5.682047416734656853e-01
5.714537670376684808e-01
5.639513240288169804e-01
5.678691383357061806e-01
5.714933532380264136e-01
5.713603600051917475e-01
5.716249935182697861e-01
5.714362206672944922e-01
5.686540775122953528e-01
5.688085260340132177e-01
5.715447435410062615e-01
5.711508471590898139e-01
5.708647292875679291e-01
5.715839592434708294e-01
5.622651163918700457e-01
5.622651163918700457e-01
5.708130025489839277e-01
5.700944589088476899e-01
5.700873168408810976e-01
5.716129707047377106e-01
5.687975487259663288e-01
5.710254367250042762e-01
5.692490759814592405e-01
5.715978488892670129e-01
5.715635260270184315e-01
5.701004403971738910e-01
5.716207006719125072e-01
5.715133005963428658e-01
5.706253221638739603e-01
5.716165748560082527e-01
5.701787217805378560e-01
5.715264421452448396e-01
5.686566429387738264e-01
5.712722016740863218e-01
5.708441672631699992e-01
5.713899042417406315e-01
5.695828496319770284e-01
5.716231301840990486e-01
5.686602202021797670e-01
5.713920982852573882e-01
5.659968386399202300e-01
5.715962712524267353e-01
5.716184285901239059e-01
5.696371667534132488e-01
5.657532871481215642e-01
5.714515730775566738e-01
5.716270094038677918e-01
5.716270094038677918e-01
5.698112184126026269e-01
5.716025250697243099e-01
5.713840955764897256e-01
5.704236744907087431e-01
5.709056800410645671e-01
5.716270094038677918e-01
5.714831338401300531e-01
5.709398568280553699e-01
5.716270094038677918e-01
5.716270094038677918e-01
5.716270094038677918e-01
5.677341868064477159e-01
5.710622628668042822e-01
5.716270094038677918e-01
5.716251259046832844e-01
5.713281364199089829e-01
5.712956502240784662e-01
5.708045284236676897e-01
5.715863276917676483e-01
5.677835231357239998e-01
5.716078167701010848e-01
5.714542190717696313e-01
5.716175905441905902e-01
5.716175905441905902e-01
5.715369065507666102e-01
5.713703473173794567e-01
5.716270094038677918e-01
5.716270094038677918e-01
5.716270094038677918e-01
5.716270094038677918e-01
5.714433295855526618e-01
5.716270094038677918e-01
5.715821176071365084e-01
5.715115838201796361e-01
5.716040570708629254e-01
5.659968386399202300e-01
5.659968386399202300e-01
5.659968386399202300e-01
5.678691383357061806e-01
5.716124918910951980e-01
5.714786019681983298e-01
5.716195136945276811e-01
5.716270094038677918e-01
5.678691383357061806e-01
5.715890432560710721e-01
5.716124918910951980e-01
5.712696932534757632e-01
5.716002024095254708e-01
5.716270094038677918e-01
5.716109894368419653e-01
5.716270094038677918e-01
5.713355142520963881e-01
5.715490152979034733e-01
5.716270094038677918e-01
5.716270094038677918e-01
5.716270094038677918e-01
5.716270094038677918e-01
5.716270083303481853e-01
5.688076827646973976e-01
5.716270094038677918e-01
5.716270094038677918e-01
5.716270094038677918e-01
5.716270094038677918e-01
5.715884134546964646e-01
5.716270094038677918e-01
5.716270094038677918e-01
5.716270085475929630e-01
5.716270094038677918e-01
5.716175852494016496e-01
5.715892011523102667e-01
5.716221451718503932e-01
5.715159266638418778e-01
5.716270094038677918e-01
5.716270094038677918e-01
5.716270094038677918e-01
5.715522231767407035e-01
5.716270029536013597e-01
5.716270094038677918e-01
5.716270094038677918e-01
5.716168603791231817e-01
5.672646452873124634e-01
5.716270094038677918e-01
5.716192708304752568e-01
5.642134279896213744e-01
5.716270094038677918e-01
5.716270094038677918e-01
5.716270094038677918e-01
5.715601736752422557e-01
5.716122659217544033e-01
5.716270094038677918e-01
5.596832732300853763e-01
5.712084313090358689e-01
5.702368751694668614e-01
5.706882461059454847e-01
5.716124918910951980e-01
5.716270094038677918e-01
5.716270094038677918e-01
5.695717377993041453e-01
5.715803193189903375e-01
5.715803193189903375e-01
5.715803193189903375e-01
5.697458351933214482e-01
5.711126065320517586e-01
5.716270094038677918e-01
5.716270094038677918e-01
5.715802010096984187e-01
5.716270094038677918e-01
5.716094352724456762e-01
5.711039156906614345e-01
5.716122659217544033e-01
5.715974495211161299e-01
5.712166640992325517e-01
5.716166658558308189e-01
5.716270093430846355e-01
5.641288572070658480e-01
5.708661300146939954e-01
5.716270094038677918e-01
5.716270094038677918e-01
5.716270085021857295e-01
5.710887927351296911e-01
5.715371522789738368e-01
5.716270094038677918e-01
5.716270094038677918e-01
5.716270094038677918e-01
5.716270094038677918e-01
5.716270094038677918e-01
5.716270094038677918e-01
5.716270094038677918e-01
5.716270094038677918e-01
5.678691383357061806e-01
5.716270094038677918e-01
5.649409034757584269e-01
5.716270094038677918e-01
5.713397780604851928e-01
5.716270094038677918e-01
5.716270094038677918e-01
5.716270094038677918e-01
5.716270094038677918e-01
5.716270094038677918e-01
5.642058942164041024e-01
5.716270094038677918e-01
5.712103176584245601e-01
5.716270094038677918e-01
5.716122659217544033e-01
5.716270093325659385e-01
5.716270094038677918e-01
5.716176090271118948e-01
5.713372303266887053e-01
5.716176090271118948e-01
5.626029760509101418e-01
5.715937137086024578e-01
5.716270094038677918e-01
5.716270094038677918e-01
5.715754802034516135e-01
5.716251258182731831e-01
5.678691383357061806e-01
5.716270094038677918e-01
5.716270094038677918e-01
5.709073666941790748e-01
5.716270094038677918e-01
5.716265134247398016e-01
5.708914495725319060e-01
5.716269620494379700e-01
5.716269968634195564e-01
5.716269811986628424e-01
5.716081752323085574e-01
5.678691383357061806e-01
5.715995324913554221e-01
5.715891064616560602e-01
5.695248475810634758e-01
5.715780415058311359e-01
5.716156761234403305e-01
5.708612506580750257e-01
5.716212511718421485e-01
5.715799248295578838e-01
5.511994276395593140e-01
5.716267834542477777e-01
5.714003613391518410e-01
5.716050333536708550e-01
5.704101828808002539e-01
5.699348713230307784e-01
5.716266313574489555e-01
5.678691383357061806e-01
5.716269561013572753e-01
5.716237786050128999e-01
5.710284535815249862e-01
5.714469362801868346e-01
5.712989017677695402e-01
5.712978478939131355e-01
5.715790017820954194e-01
5.716174497145090072e-01
5.713082183712818729e-01
5.703677611600892483e-01
5.707970689003269982e-01
5.714854740821670998e-01
5.716082646309423865e-01
5.715815077065427019e-01
5.715379212837191636e-01
5.700297077226041953e-01
5.716270094038677918e-01
5.716269463880565560e-01
5.716270094038677918e-01
5.716270094038677918e-01
5.716256170398583691e-01
5.716070056337081429e-01
5.716108714939969193e-01
5.716270045169384861e-01
5.716020039820741694e-01
5.716122791195836772e-01
5.716249603074117225e-01
5.716270093413371445e-01
5.716189975983352323e-01
5.709048029930552381e-01
5.716269607716454315e-01
5.716248265335188705e-01
5.713106557608735869e-01
5.716184540479427589e-01
5.712654728639889878e-01
5.678691383357061806e-01
5.671835821821447077e-01
5.697130285461404764e-01
5.716270094038677918e-01
5.716270094038677918e-01
5.716270094038677918e-01
5.716269804840108382e-01
5.716270094038679028e-01
5.703390901201825791e-01
5.678691383357061806e-01
5.716270094038677918e-01
5.716175922611088644e-01
5.716270094038677918e-01
5.716029552759518406e-01
5.705002986410274701e-01
5.716251208596511146e-01
5.715909157865288748e-01
5.716270094038679028e-01
5.716270087922951104e-01
5.716268625498686085e-01
5.697251673215251166e-01
5.678691383357061806e-01
5.708376825155840883e-01
5.716270094038679028e-01
5.709210392398369471e-01
5.716260739948235692e-01
5.716269106837694736e-01
5.716270042487153757e-01
5.716229688849050472e-01
5.716207444005895200e-01
5.716251239744001289e-01
5.716205079048746196e-01
5.716267733413424867e-01
5.716270069324507208e-01
5.716270094038677918e-01
5.716251253659512255e-01
5.716269044332957794e-01
5.599895577911234712e-01
5.716022204475673663e-01
5.716270085767767295e-01
5.716270094038677918e-01
5.714886921626808336e-01
5.716268858675963571e-01
5.716270094038677918e-01
5.716139253642000817e-01
5.694321175796144274e-01
5.716270094038677918e-01
5.716270094038677918e-01
5.716270094038677918e-01
5.673252654736823386e-01
5.709893374306705960e-01
4.847907602321478437e-01
4.847901486844976571e-01
5.695728163584646841e-01
5.713003078708067672e-01
5.676300306992578815e-01
5.710525016422309807e-01
5.716115345941217285e-01
5.715874413352257655e-01
5.697605645807899410e-01
5.715603868583316594e-01
5.716263565493225896e-01
5.682981608869196455e-01
5.716270094038677918e-01
5.716269885637985659e-01
5.715039800498371569e-01
5.716270094038677918e-01
5.716270094038677918e-01
5.716129135783380999e-01
5.688200832804402030e-01
5.688222667249864806e-01
5.715553487998390469e-01
5.716114307359696500e-01
5.695176925456524319e-01
5.715451397864869110e-01
5.715657166840304448e-01
5.689421329954587048e-01
5.713638193588236325e-01
5.687827325364867015e-01
5.716083173184191013e-01
5.716270094038677918e-01
5.704915191908677130e-01
5.716270094038677918e-01
5.716213423621470113e-01
5.716232363515505455e-01
5.690678535784134962e-01
5.713954011427264668e-01
5.716270094038677918e-01
5.716079790802163219e-01
5.713428754120988273e-01
5.716270094038677918e-01
5.716270093281914377e-01
5.703200287397024448e-01
5.659968386399202300e-01
5.664629024679195268e-01
5.716270094038677918e-01
5.716262316920724951e-01
5.716171075299975035e-01
5.716270083519979783e-01
5.707528846760199226e-01
5.716270094038677918e-01
5.659968386399202300e-01
5.716064549508514947e-01
5.716270094038677918e-01
5.701808641645684794e-01
5.716270086996801947e-01
5.688378664941952101e-01
5.679434751246320578e-01
5.716270094038677918e-01
5.716270094038677918e-01
5.708418574688314262e-01
5.716270094038677918e-01
5.716270094038677918e-01
5.716270094038677918e-01
5.679166843146217225e-01
5.701187564730512136e-01
5.716270090443718033e-01
5.715692624422675783e-01
5.691747885893003733e-01
5.716270094038677918e-01
5.713382111475910907e-01
5.695542084195982513e-01
5.716250893096921359e-01
5.706857541628964636e-01
5.716118010666151328e-01
5.716269348790823379e-01
5.712957322124224691e-01
5.716270094038679028e-01
5.716202076830845247e-01
5.716270094038677918e-01
5.716263815914170987e-01
5.716202475865272969e-01
5.716242215870337429e-01
5.715445995598885665e-01
5.715673434595260893e-01
5.716222046487773323e-01
5.716225278009543498e-01
5.645538993081584689e-01
5.678691383357061806e-01
5.715963224728948244e-01
5.709086727384514726e-01
5.391506151896707788e-01
5.391591521057579328e-01
5.698470704912330653e-01
5.716240090269035790e-01
5.696390346200013166e-01
5.716222615587747136e-01
5.716222232720123975e-01
5.716158434172844416e-01
5.715976922179359931e-01
5.680305965913116095e-01
5.647716425142761398e-01
5.716261637208792656e-01
5.714801366627135781e-01
5.716249974806372203e-01
5.716089330916138689e-01
5.663929992671460356e-01
5.716270094038677918e-01
5.716263555046239286e-01
5.678691383357061806e-01
5.714760158610352470e-01
5.716267175707128168e-01
5.716209836315911952e-01
5.715664309202489468e-01
5.715631397631572019e-01
5.689187102261694662e-01
5.716270090196604592e-01
5.711326499914692878e-01
5.716270093078066328e-01
5.716241053851118803e-01
5.714657801612086363e-01
5.716270093346929038e-01
5.707963349734013203e-01
5.716167935154542468e-01
5.716233370166432515e-01
5.633978780393511521e-01
5.715985155167275789e-01
5.685517428194732936e-01
5.678691383357061806e-01
5.716268638361530208e-01
5.716268987146555514e-01
5.716112050650197229e-01
5.716269747867863682e-01
5.716269747867863682e-01
5.714810948095753185e-01
5.712812496938658446e-01
5.716130590308070580e-01
5.716123033953097732e-01
5.716270046996330123e-01
5.678691383357061806e-01
4.937657628787376352e-01
5.716123816066818186e-01
5.716143420434505185e-01
5.628967734786893828e-01
5.715606409612163930e-01
5.715891642882677814e-01
5.716270094038677918e-01
5.645170454969692386e-01
5.716198842569337746e-01
5.716191998940436392e-01
5.714726850089064669e-01
5.708525661423828890e-01
5.716139764479030161e-01
5.715970270203208914e-01
5.713641436703187360e-01
5.681097292422826461e-01
5.714850173023556801e-01
5.707889008383874030e-01
5.688590607511927466e-01
5.716227565805636068e-01
5.716190318916893887e-01
5.713356295698089893e-01
5.715665664144783387e-01
5.707405368194322648e-01
5.706898767585365517e-01
5.715201674061125559e-01
5.716269865715470910e-01
5.716270094038677918e-01
5.712391994282826069e-01
5.705087238302734010e-01
5.715637424516238907e-01
5.716270094038677918e-01
5.715692343796194841e-01
5.716270094038677918e-01
5.706347796546362705e-01
5.709969797708573935e-01
5.716257984009811555e-01
5.695926531722395048e-01
5.649694332020290810e-01
5.716223393194099778e-01
5.424846101860992809e-01
5.094431659167656390e-01
5.678691383357061806e-01
5.716049473492077482e-01
5.692549905418445855e-01
5.715941370594761484e-01
5.716270094038677918e-01
5.716062645104533768e-01
5.674922599096645648e-01
5.694832596782197776e-01
5.678691383357061806e-01
5.599638272947049522e-01
5.716270094038677918e-01
5.712990614316451055e-01
5.708051272597109982e-01
5.716173443755261374e-01
5.715939584170277588e-01
5.715726615561477209e-01
5.710691449503472183e-01
5.659968386399202300e-01
5.678691383357061806e-01
5.713767294023884835e-01
4.117870781952261972e-01
5.716253961467163691e-01
5.712736139128317125e-01
5.716270094038677918e-01
5.716269403066920329e-01
5.716269403066920329e-01
5.716270094038677918e-01
5.704592685063469837e-01
5.716228348297622830e-01
5.716270094038677918e-01
5.659070774920251790e-01
5.715556169514282026e-01
5.716270094038677918e-01
5.716270093927061646e-01
5.716193920681169605e-01
5.599467730987857106e-01
5.708217545542297877e-01
5.696580244972146989e-01
5.716270088514692205e-01
5.659968386399202300e-01
5.716203485848223576e-01
5.715792924739373504e-01
5.716270094038677918e-01
5.716270094038677918e-01
5.664719905391835120e-01
5.716203444460787875e-01
5.668921683321277438e-01
5.715951408283592716e-01
5.711861264088609058e-01
5.711321795472079632e-01
5.716259527569167442e-01
5.712223788559749327e-01
5.716132192106335719e-01
5.503152441040618514e-01
5.711321947734915305e-01
5.709927866055428680e-01
5.716270093587749734e-01
5.693615358268633297e-01
5.716270068943896110e-01
5.716270094038677918e-01
5.716270094038677918e-01
5.716270094038677918e-01
5.716270094038677918e-01
5.702760288616322004e-01
5.716166882522215609e-01
5.716251199138484562e-01
5.716270089255613973e-01
5.678691383357061806e-01
5.716270064155551944e-01
5.714694956321026975e-01
5.716187180106793164e-01
5.691654616257427746e-01
5.716188812421010290e-01
5.716270094038677918e-01
5.715963214696018202e-01
5.716211848860976996e-01
5.716270094038677918e-01
5.716039005958809538e-01
5.716270094038677918e-01
5.716207619260070816e-01
5.701532998400379304e-01
5.716270094038677918e-01
5.716270094038677918e-01
5.716231965827763828e-01
5.678691383357061806e-01
5.716125944800958258e-01
5.710091105927928012e-01
5.716270094038677918e-01
5.716270094038677918e-01
5.716243531970235381e-01
5.709876785970074975e-01
5.716159418209498799e-01
5.716174369289552804e-01
5.716177290268831257e-01
5.715484170623240656e-01
5.716232329023031022e-01
5.716270094038677918e-01
5.716165432334647800e-01
5.715940482652137611e-01
5.716270094038677918e-01
5.585908293466904651e-01
5.716244889936117346e-01
5.716270093954081144e-01
5.712297049264953852e-01
5.620161733864110776e-01
5.711532960737975007e-01
5.716270094038677918e-01
5.712780053992745355e-01
5.716157826369402395e-01
5.716269977019260429e-01
5.716157826369402395e-01
5.711286029780403561e-01
5.714682845813234824e-01
5.716270094038677918e-01
5.716270094038677918e-01
5.697458351933214482e-01
5.716270094038677918e-01
5.716251259639294480e-01
5.634917789779669839e-01
5.716270094038677918e-01
5.716270094038677918e-01
5.716270094038677918e-01
5.711963329623854779e-01
5.670570279761752985e-01
5.715839521007322066e-01
5.712985881263510368e-01
5.716270094038677918e-01
5.716270094038677918e-01
5.716270094038677918e-01
5.716270094038677918e-01
5.716270094038677918e-01
5.716270094038677918e-01
5.716270093943132125e-01
5.716270094038677918e-01
5.713775888007035508e-01
5.713358360306027839e-01
5.648162135580281351e-01
5.716270094038677918e-01
5.646417780903414396e-01
5.716270094038677918e-01
5.716270087165435942e-01
5.716270083202790175e-01
5.651846944348717372e-01
5.700994640520266055e-01
5.706673009096858706e-01
5.622651163918700457e-01
5.701905141208711836e-01
5.716270094038677918e-01
5.716270094038677918e-01
5.712785702931086895e-01
5.716270094038677918e-01
5.716182607245274827e-01
5.703717649757331642e-01
5.699765231848905600e-01
5.716270093591414581e-01
5.678691383357061806e-01
5.709003913480577008e-01
5.716270091271871134e-01
5.716270094038677918e-01
5.681665141060621149e-01
5.710079122579905242e-01
5.716270094038677918e-01
5.706626932837095545e-01
5.716187121849451991e-01
5.714901658970203968e-01
5.716268157892787638e-01
5.716251085940440291e-01
5.704171417016192791e-01
5.617756648524725449e-01
5.629011465710536122e-01
5.651050215892430284e-01
5.705619140498301434e-01
5.707304234266386000e-01
5.684772385102887515e-01
5.716270094038677918e-01
5.691697793926233651e-01
5.678691383357061806e-01
5.700140842890728532e-01
5.680273831103310744e-01
5.680100064492308309e-01
5.711833294912735948e-01
5.711843123551048063e-01
5.604657858509342061e-01
5.716270094038677918e-01
5.712890538726441703e-01
5.712890538726441703e-01
5.712992778864024457e-01
5.709649863874737274e-01
5.701312287349480368e-01
5.673729687719551995e-01
5.670067111482575140e-01
5.707904438027910921e-01
5.714144698032848080e-01
5.716270007232572281e-01
5.716269871765318200e-01
5.714108343678065971e-01
5.715265399612150521e-01
5.715829066772590838e-01
5.715803149704417052e-01
5.713021131955198229e-01
5.716071770962150023e-01
5.702762466086390702e-01
5.716114425088889561e-01
5.695602672917450260e-01
5.716251235822148447e-01
5.711345963788584390e-01
5.715870597679469922e-01
5.716270093898645488e-01
5.716270093945332587e-01
5.686286662644570722e-01
5.714822431345285558e-01
5.714922700128115540e-01
5.659968386399202300e-01
5.716270082697229027e-01
5.647163856252113145e-01
5.716112491344764734e-01
5.716126644880232810e-01
5.694940998016578826e-01
5.716270094038677918e-01
5.714940173619480479e-01
5.678691383357061806e-01
5.716270094038677918e-01
5.716220534699183453e-01
5.716146411324054544e-01
5.697251512990425537e-01
5.697251512990425537e-01
5.716270090457786779e-01
5.716270094038677918e-01
5.716270093895445825e-01
5.716251259661988549e-01
5.716270094038677918e-01
5.716270094038677918e-01
5.678691383357061806e-01
5.713809324645982013e-01
5.716270094038677918e-01
5.716270094038677918e-01
5.714935394498421584e-01
5.716218939691675160e-01
5.716270094038677918e-01
5.641195280186420691e-01
5.716270094038677918e-01
5.716266702276999734e-01
5.678691383357061806e-01
5.706707680249719639e-01
5.711592846339372809e-01
5.716270094038677918e-01
5.715847611777895576e-01
5.716270094038677918e-01
5.710056429181789017e-01
5.715954985120083043e-01
5.678691383357061806e-01
5.678691383357061806e-01
5.692724887803695122e-01
5.714982176181614415e-01
5.678691383357061806e-01
5.678691383357061806e-01
5.714252221366178386e-01
5.716270026248739811e-01
5.716270094038677918e-01
5.716270094038677918e-01
5.712149067527568791e-01
5.715632950765374698e-01
5.716208579759121111e-01
5.715999272769520800e-01
5.700628529442020032e-01
5.716214737988531969e-01
5.716270007002186571e-01
5.706174823277264663e-01
5.663749881642173856e-01
5.716270094038677918e-01
5.716270094038677918e-01
5.715076091216040322e-01
5.714769551979730355e-01
5.716270094038677918e-01
5.598967325956758501e-01
5.710307575852346940e-01
5.716270094038677918e-01
5.716269010606890300e-01
5.714936149124147935e-01
5.716268051969062292e-01
5.714952739558660788e-01
5.716247425303907503e-01
5.716265752879061690e-01
5.716270094038677918e-01
5.716155686642254707e-01
5.716103636985325753e-01
5.716270094038677918e-01
5.714479885686075677e-01
5.705869607439405522e-01
5.716270094038677918e-01
5.715968749481594724e-01
5.716196357538441131e-01
5.622759565819516192e-01
5.707921850081385529e-01
5.714413905990238796e-01
5.716219431826292663e-01
5.671839702623536761e-01
5.713129495572517591e-01
5.716270094038677918e-01
5.713231249878083506e-01
5.716270094038677918e-01
5.716270094038677918e-01
5.716270094038677918e-01
5.716270094038677918e-01
5.716270094038677918e-01
5.716270094038677918e-01
5.715585252855626130e-01
5.716167212004978904e-01
5.711092169122704565e-01
5.715294105494739263e-01
5.716204886575808608e-01
5.716251043251150410e-01
5.716234629762986241e-01
5.716214712144929155e-01
5.700321301707997890e-01
5.712294781837319313e-01
5.713017691968879097e-01
5.716216166708918411e-01
5.678691383357061806e-01
5.705226973469610385e-01
5.702652423260397008e-01
5.716265832869904528e-01
5.695335455661449942e-01
5.711455795136544111e-01
5.712027806753072756e-01
5.716269892873115932e-01
5.711521783003559172e-01
5.684474585107934796e-01
5.716270060262427233e-01
5.716251245201400266e-01
5.641288572070658480e-01
5.711613873388534657e-01
5.716270094038676808e-01
5.678691383357061806e-01
5.641288572070658480e-01
5.716269254048589321e-01
5.716247528014004597e-01
5.716247493405779423e-01
5.716244667274874569e-01
5.716242111156213390e-01
5.712019297241041071e-01
5.715545797250648485e-01
5.704643148319333834e-01
5.715223973193532814e-01
5.716150246477591512e-01
5.716096858729564634e-01
5.713029583123283572e-01
5.716195422345936583e-01
5.706559800040369446e-01
5.715046651287989388e-01
5.714755282851071705e-01
5.715051473168371032e-01
5.641288572070658480e-01
5.714050011426039521e-01
5.715360053077465086e-01
5.715771807819596262e-01
5.715605604973319487e-01
5.715578618698529123e-01
5.677992690394627617e-01
5.697939208626576768e-01
5.714443832312938731e-01
5.716066608827616857e-01
5.713606439532942227e-01
5.713736666708026934e-01
5.708815237783549934e-01
5.715917078633063753e-01
5.713599765855906787e-01
5.704971062936201598e-01
5.713859664071377908e-01
5.715953400846716104e-01
5.704620302047485048e-01
5.716165833822992592e-01
5.711346249929435404e-01
5.715712466092133237e-01
5.716246474408930300e-01
5.716269943575887913e-01
5.716269943575887913e-01
5.708468086170528366e-01
5.716270054930940869e-01
5.716251134670115031e-01
5.716269879112140240e-01
5.707581368338392469e-01
5.707338631358784831e-01
5.700395557829333049e-01
5.716239810531682508e-01
5.716270094038677918e-01
5.659968386399202300e-01
5.716232423194054224e-01
5.716232419685298716e-01
5.716267685020587352e-01
5.716211137830421452e-01
5.679947387052562968e-01
5.716208691943120979e-01
5.716270094038677918e-01
5.716269941753981954e-01
5.716256637942902508e-01
5.716269156974285170e-01
5.714972436489738072e-01
5.716270091847966972e-01
5.716270094038676808e-01
5.716270093605767544e-01
5.716152810402709283e-01
5.716251002548771165e-01
5.659968386399202300e-01
5.716194013027258158e-01
5.716146086963955764e-01
5.713995929428640208e-01
5.712722333320892076e-01
5.716211515535264409e-01
5.702822636873370321e-01
5.716226688675460910e-01
5.707785310476514162e-01
5.716252041588375521e-01
5.716155806795292227e-01
5.712784621217792402e-01
5.716156812567221301e-01
5.715879066389255581e-01
5.716270094038677918e-01
5.716270094038677918e-01
5.716269985828559275e-01
5.715670717111061006e-01
5.704842950444448668e-01
5.671777892659743969e-01
5.705249119203894548e-01
5.716128002221598781e-01
5.694922214810570482e-01
5.711298267644320248e-01
5.716270094038677918e-01
5.716140644611360511e-01
5.716212705096057611e-01
5.715248297685959766e-01
5.716270094038677918e-01
5.709182328480000290e-01
5.716270094038677918e-01
5.716270094038677918e-01
5.715979918093323509e-01
5.716204786324783349e-01
5.716270094038677918e-01
5.715598010931615125e-01
5.716125210243839794e-01
5.678691383357061806e-01
5.716270094038679028e-01
5.716146137052597886e-01
5.716270094038677918e-01
5.715996254090478512e-01
5.715902979813161089e-01
5.715794778099178020e-01
5.694489624378884507e-01
5.716175922611088644e-01
5.716148285710072052e-01
5.714382301252767249e-01
5.714899192194954347e-01
5.716270093693454069e-01
5.716270094038679028e-01
5.715843291873119458e-01
5.716119420301541965e-01
5.716119420301541965e-01
5.716119420301541965e-01
5.716164556688529963e-01
5.716100586289523111e-01
5.716270094038677918e-01
5.716270094038677918e-01
5.698078420596188742e-01
5.715806823024368599e-01
5.716019571251125253e-01
5.716167685660883402e-01
5.716250208651689757e-01
5.716267855234016260e-01
5.716106070579617393e-01
5.715661110714399529e-01
5.701818657710198135e-01
5.715873653576832858e-01
5.714352325764914253e-01
5.716137547378240535e-01
5.710119049181058282e-01
5.688932647354777439e-01
5.696035326068009663e-01
5.715224837727559404e-01
5.715973544322994204e-01
5.678691383357061806e-01
5.693141583084567747e-01
5.714104439337919228e-01
5.716270094038677918e-01
5.716240269624497383e-01
5.699834642680592367e-01
5.716233012709210914e-01
5.681607529438239546e-01
5.715698386205387838e-01
5.715897458342202864e-01
5.714598258780583251e-01
5.709957299953689613e-01
5.709896305484551959e-01
5.692309835792626060e-01
5.692309835792626060e-01
5.690396762711622536e-01
5.715667416591573291e-01
5.716270094038677918e-01
5.659407367571321901e-01
5.716270026966592255e-01
5.716231813321366317e-01
5.678691383357061806e-01
5.678691383357061806e-01
5.715846568041813569e-01
5.716228999067982652e-01
5.716270094038677918e-01
5.716268527838713753e-01
5.703740766762614989e-01
5.716188939844156769e-01
5.716248481963828176e-01
5.716262872032210618e-01
5.716267328229851508e-01
5.716205594614632846e-01
5.690847314157314596e-01
5.716213306261512805e-01
5.716105065943322128e-01
5.716270094038677918e-01
5.714359368481359835e-01
5.678691383357061806e-01
5.716183287137877045e-01
5.716270094038677918e-01
5.716270091109622031e-01
5.716268269563415938e-01
5.714094245926268911e-01
5.699116098464145352e-01
5.694532922458611646e-01
5.704363886584926657e-01
5.716270094038677918e-01
5.709538111094456525e-01
5.716270094038677918e-01
5.716270084541730245e-01
5.699392118224725357e-01
5.716270094038677918e-01
5.716270094038679028e-01
5.710658164330977282e-01
5.715462163691686914e-01
5.715382020395098905e-01
5.714120322366444960e-01
5.716077973353053121e-01
5.716270094038677918e-01
5.716270094038677918e-01
5.716205980423215705e-01
5.678691383357061806e-01
5.710393524398378329e-01
5.716269204113446634e-01
5.716270094038677918e-01
5.678691383357061806e-01
5.716251014786687401e-01
5.716270094038677918e-01
5.716270094038677918e-01
5.716270094038677918e-01
5.716270094038677918e-01
5.678691383357061806e-01
5.706197407824136203e-01
5.707755125703624088e-01
5.709878156193444187e-01
5.714738412381703547e-01
5.678691383357061806e-01
5.689082800592072386e-01
5.716270094038677918e-01
5.714366095201756091e-01
5.716270094038677918e-01
5.716270094038679028e-01
5.688825196734432765e-01
5.716269464081212837e-01
5.716270093668180952e-01
5.708252934971271841e-01
5.716270094038677918e-01
5.716270094038677918e-01
5.661464626663268440e-01
5.716270094038677918e-01
5.715171547127778640e-01
5.702738225534266236e-01
5.714986071997285588e-01
5.716151844922277014e-01
5.716270091868543846e-01
5.716270094038679028e-01
5.683531044700744772e-01
5.716132916686700316e-01
5.716270094038677918e-01
5.641288572070658480e-01
5.716270094038677918e-01
5.715787292745575510e-01
5.716186530669488119e-01
5.716270094038677918e-01
5.716270094038677918e-01
5.716270094038677918e-01
5.716186530669488119e-01
5.711916538341252902e-01
5.714502456886698667e-01
5.716025533537323344e-01
5.716270094038677918e-01
5.716270094038677918e-01
5.678691383357061806e-01
5.716270094038677918e-01
5.714899192194954347e-01
5.716270094038677918e-01
5.716270094038677918e-01
5.604055397653600057e-01
5.678691383357061806e-01
5.710395976084848835e-01
5.716206793143483456e-01
5.716270093942981134e-01
5.636774459109457069e-01
5.715840981053598169e-01
5.716101133327935457e-01
5.716000307194244456e-01
5.716270094038677918e-01
5.604055397653600057e-01
5.716188910166120074e-01
5.659968386399202300e-01
5.715999613320352779e-01
5.716186530669488119e-01
5.716129585849571981e-01
5.716270094038677918e-01
5.716260942256610189e-01
5.716229514640210896e-01
5.714893270832370753e-01
5.716270094038677918e-01
5.678691383357061806e-01
5.716270094038677918e-01
5.716237773575369996e-01
5.716268406290924142e-01
5.716242972054117466e-01
5.678691383357061806e-01
5.716241831356339009e-01
5.716270093953059739e-01
5.678691383357061806e-01
5.716106804736981184e-01
5.678691383357061806e-01
5.716270094038676808e-01
5.678691383357061806e-01
5.716270094038677918e-01
5.715403759880798296e-01
5.716251257948774533e-01
5.689082800592072386e-01
5.716165897866575252e-01
5.682672162555602036e-01
5.678691383357061806e-01
5.716159958578972411e-01
5.716190683930728600e-01
5.716072499192457190e-01
5.715967183195374002e-01
5.716254840791477054e-01
5.715997082111530236e-01
5.715026294892228131e-01
5.711783536533979744e-01
5.703877468253211180e-01
5.712039452706006992e-01
5.682535382022468884e-01
5.710011552164259152e-01
5.714225049687198243e-01
5.714136916094674223e-01
5.711436946178056751e-01
5.715894544497506224e-01
5.710544923716445176e-01
5.666218264794675719e-01
5.697458351933214482e-01
5.655536706254284951e-01
5.594159268624625536e-01
5.664713109732709695e-01
5.693379946969621130e-01
5.666866410887222427e-01
5.716073047055356682e-01
5.593927412182968517e-01
5.696760655676977869e-01
5.714909187902481591e-01
5.702008864136414168e-01
5.705093874564999279e-01
5.715061939122569878e-01
5.712258221836672423e-01
5.707089554291397970e-01
5.714572935466681880e-01
5.678691383357061806e-01
5.635043303212268206e-01
5.705848969643568802e-01
5.664521834571978331e-01
5.657055940056120447e-01
5.707449043768393349e-01
5.678691383357061806e-01
5.714018124864281845e-01
5.716231626947547717e-01
5.716229130362893152e-01
5.715962489632289145e-01
5.707871556791446199e-01
5.715233139837797571e-01
5.716213287340945470e-01
5.714876443916095949e-01
5.716270094038677918e-01
5.621739007313449887e-01
5.713035512396924531e-01
5.716156828183700522e-01
5.686583413679431320e-01
5.715397356686938712e-01
5.714142915567881342e-01
5.716051395827463910e-01
5.714129854133156439e-01
5.713021131955198229e-01
5.715713510548040555e-01
5.716270094038677918e-01
5.708628071201953258e-01
5.716270094038677918e-01
5.716192126648074190e-01
5.716100403294184229e-01
5.639422935682416593e-01
5.716270094038677918e-01
5.716270094038677918e-01
5.716270094038677918e-01
5.678691383357061806e-01
5.678691383357061806e-01
5.716270094038677918e-01
5.716270094038677918e-01
5.716270094038677918e-01
5.708628071201953258e-01
5.716270094038677918e-01
5.678691383357061806e-01
5.716270094038679028e-01
5.716092206638306861e-01
5.716270094038677918e-01
5.714529479915102517e-01
5.716054185894900996e-01
5.711985114326958435e-01
5.716129176080109175e-01
5.716270094038677918e-01
5.716270094038677918e-01
5.716267746594401178e-01
5.716270094038677918e-01
5.716270094038677918e-01
5.716270094038677918e-01
5.714900952142406565e-01
5.702598637335722920e-01
5.714903342824655397e-01
5.710411476123307128e-01
5.716270094038677918e-01
5.716270054695204994e-01
5.716270094038677918e-01
5.716270094038677918e-01
5.716270090436594842e-01
5.703558701353756977e-01
5.716249119755297814e-01
5.716263109250494523e-01
5.715880480277164555e-01
5.716270094038677918e-01
5.715641279265490926e-01
5.715906726036510399e-01
5.713021131955198229e-01
5.700913405864356243e-01
5.713575460978703724e-01
5.716232424419545044e-01
5.715509561365779145e-01
5.716251259229898629e-01
5.716270094038677918e-01
5.716270094038679028e-01
5.715683394910560100e-01
5.682701863812222864e-01
5.715886794622758726e-01
5.700233197456855416e-01
5.715760959434726951e-01
5.715885226329356916e-01
5.715896905651447479e-01
5.715909206650451324e-01
5.716197529659111654e-01
5.698773707113342635e-01
5.714662426882257673e-01
5.714540195247558296e-01
5.715671177959833482e-01
5.703707594227971356e-01
5.710870916277420717e-01
5.711485881721856117e-01
5.714000718921662392e-01
5.715808555653482115e-01
5.714476684326170730e-01
5.715969485529655003e-01
5.715556893456186227e-01
5.716250419582264986e-01
5.715860944050864534e-01
5.716251259638180926e-01
5.716270093551292231e-01
5.716270094038677918e-01
5.716270094038677918e-01
5.716266155572957697e-01
5.716250862773759600e-01
5.716251096725546432e-01
5.697458351933214482e-01
5.715178788427720535e-01
5.716052219925895628e-01
5.713493440553574221e-01
5.685540724269796398e-01
5.692985624576064607e-01
5.715837331461752768e-01
5.716270094038677918e-01
5.672832631824566985e-01
5.716270094038677918e-01
5.715745845503514833e-01
5.713046778605407328e-01
5.706200007711279554e-01
5.692426996664402550e-01
5.544421599579993920e-01
5.690728730682621528e-01
5.660768587459101830e-01
5.685184726260263943e-01
5.709846950553558731e-01
5.714082510660003500e-01
5.702591078341846531e-01
5.715688224043864452e-01
5.715841474255480836e-01
5.716270093953987885e-01
5.705847898947502550e-01
5.706933822853754723e-01
5.716270094038677918e-01
5.715149943928949927e-01
5.716270071643120287e-01
5.716270094038677918e-01
5.716251259463249745e-01
5.716251259463249745e-01
5.716270094038677918e-01
5.716251259635753978e-01
5.699319024478611828e-01
5.716270094038679028e-01
5.716222817171167092e-01
5.716270094038677918e-01
5.716270094038677918e-01
5.716246246389351526e-01
5.715120344080595327e-01
5.715923762952375142e-01
5.716183000915219248e-01
5.714800705147946580e-01
5.716270094038677918e-01
5.715239477087227238e-01
5.716270007938513142e-01
5.716269978931483031e-01
5.716173677279692278e-01
5.706978233359628616e-01
5.705773636710573804e-01
5.716270094038677918e-01
5.715834711737328711e-01
5.712515685807790788e-01
5.659968386399202300e-01
5.716270091047757074e-01
5.716251200449529168e-01
5.716251250239970938e-01
5.716270015166398100e-01
5.699450616114749568e-01
5.716269664564699315e-01
5.687375338216458243e-01
5.713513820725032444e-01
5.659968386399202300e-01
5.703086786513712481e-01
5.659968386399202300e-01
5.687711964157476929e-01
5.684423793625648091e-01
5.716270094038677918e-01
5.678691383357061806e-01
5.679052535177944172e-01
5.703287062964315091e-01
5.716270094038677918e-01
5.716269671900149341e-01
5.716270094038677918e-01
5.619005724681915837e-01
5.647941900899189349e-01
5.716270094038677918e-01
5.716270094038677918e-01
5.716270094038677918e-01
5.716270094038677918e-01
5.716232673302689138e-01
5.716132594106353437e-01
5.716229684454965376e-01
5.716231365544669485e-01
5.716239168802371706e-01
5.716184145223666135e-01
5.716089127131609438e-01
5.716089127131609438e-01
5.684391737380783960e-01
5.716269471495287746e-01
5.716269274980917414e-01
5.684401760175372686e-01
5.716232417501588836e-01
5.684398083162121029e-01
5.716177042420814702e-01
5.716150438555336333e-01
5.713224781151988729e-01
5.716259777229065753e-01
5.701093946010817870e-01
5.716240182175312823e-01
5.709850803881406645e-01
5.716270082195508140e-01
5.701501695605635245e-01
5.716270094038677918e-01
5.716269860816443060e-01
5.716269536091318493e-01
5.715784682871376532e-01
5.716225363181227648e-01
5.710115223782137317e-01
5.716190748673736222e-01
5.715581045890771872e-01
5.715325409120609601e-01
5.715583116926339358e-01
5.716270094038677918e-01
5.716210228849217811e-01
5.716248111691513145e-01
5.716181720577768743e-01
5.716048504086579385e-01
5.716270094038676808e-01
5.715576045982133646e-01
5.687847341950196256e-01
5.699665379151008793e-01
5.716270091890356397e-01
5.691046992243302682e-01
5.716014068014559912e-01
5.691568686015523459e-01
5.715684981348672089e-01
5.716270040041228073e-01
5.716268060571765286e-01
5.716270094038677918e-01
5.716270070009001891e-01
5.716270060153214594e-01
5.678691383357061806e-01
5.715612187093912500e-01
5.714338804285454820e-01
5.701905141208711836e-01
5.716270005647744457e-01
5.716270094038677918e-01
5.707212745769549844e-01
5.699584920540300415e-01
5.716270094038679028e-01
5.678691383357061806e-01
5.697458351933214482e-01
5.660908022074359058e-01
5.714071055639039498e-01
5.716270094038679028e-01
5.714952239433459535e-01
5.716049560450102707e-01
5.716231358745603730e-01
5.716270094038676808e-01
5.703811056731142859e-01
5.715927598037386925e-01
5.715998164237778845e-01
5.716270094038676808e-01
5.716166311357598895e-01
5.713459342421715048e-01
5.716270094038677918e-01
5.716270094038679028e-01
5.716270094038677918e-01
5.716270094038676808e-01
5.700252023759999620e-01
5.716260491734806992e-01
5.716269171615145916e-01
5.714948770271426337e-01
5.716270094038676808e-01
5.716250948311278890e-01
5.716270094038677918e-01
5.716270094038676808e-01
5.716270094038676808e-01
5.716251205417492987e-01
5.687705009485028995e-01
5.716270094038677918e-01
5.716270094038677918e-01
5.716270094038677918e-01
5.678691383357061806e-01
5.715559983918321318e-01
5.716270093251845097e-01
5.710623939952733652e-01
5.715315785654789815e-01
5.698319020541509072e-01
5.716270094038677918e-01
5.716251259507567628e-01
5.716270094038677918e-01
5.716238891072329409e-01
5.715321249686047267e-01
5.715321249686047267e-01
5.716270094038677918e-01
5.716270093696524945e-01
5.716270094038676808e-01
5.716270093622854986e-01
5.716235275905477975e-01
5.716235275905477975e-01
5.716270094038676808e-01
5.716234794821200005e-01
5.613295884775350020e-01
5.622651163918700457e-01
5.716270094038676808e-01
5.716270091900199635e-01
5.715312465080024662e-01
5.716251259636594417e-01
5.716270094038677918e-01
5.716270094038677918e-01
5.708054933066266656e-01
5.716270091890234273e-01
5.716020935807513137e-01
5.710314406186882685e-01
5.716269956526922602e-01
5.714720842246037158e-01
5.715552290967997884e-01
5.716269318285268630e-01
5.716269052295644970e-01
5.716150592132853703e-01
5.716245381895864730e-01
5.716267098686048653e-01
5.716261729606242348e-01
5.716270094038677918e-01
5.716087024782106063e-01
5.716175540233868757e-01
5.716094581298162280e-01
5.714657127495159639e-01
5.680509840807396182e-01
5.716269074729591892e-01
5.716004650822381628e-01
5.715939181255096369e-01
5.641288572070658480e-01
5.716270094038676808e-01
5.716270094038677918e-01
5.715871693063936387e-01
5.690458905041050341e-01
5.716270094038676808e-01
5.716270094038677918e-01
5.713795640604646398e-01
5.716231768198980490e-01
5.716270094038676808e-01
5.716270094038676808e-01
5.716251259488849268e-01
5.716238808013049955e-01
5.716194617342372775e-01
5.678691383357061806e-01
5.716239543020983360e-01
5.716194356799564336e-01
5.716267613600558573e-01
5.715137867504433977e-01
5.683735341521500839e-01
5.716073941343657872e-01
5.716055840587184189e-01
5.715214842160132314e-01
5.716213481910021876e-01
5.715545914640852709e-01
5.715806147931962178e-01
5.709993424495396486e-01
5.712640083880969888e-01
5.707664390233815332e-01
5.708043588970301840e-01
5.707863216342157209e-01
5.701988567617604087e-01
5.715595118782121897e-01
5.713593991912033765e-01
5.715105994997449201e-01
5.715124984922530516e-01
5.695918662100213359e-01
5.712179925043332496e-01
5.716248443168315818e-01
5.676662423483516129e-01
5.715954137679342129e-01
5.711929518998991595e-01
5.715913078565221239e-01
5.654621584683852120e-01
5.715660172881091849e-01
5.715564942886410815e-01
5.713029851013279314e-01
5.712976117395476283e-01
5.714459886933375143e-01
5.716214707993247934e-01
5.678691383357061806e-01
5.714661031286978332e-01
5.712116034178285062e-01
5.715702782197462639e-01
5.716207000440040042e-01
5.679654925986103997e-01
5.715913272520515287e-01
5.716078669109097010e-01
5.715436983275544724e-01
5.715920249668944297e-01
5.711863389768135901e-01
5.678691383357061806e-01
5.716124231663943789e-01
5.678691383357061806e-01
5.709211604484543123e-01
5.714576284151954289e-01
5.716100374852274291e-01
5.705689496501578084e-01
5.711619773990759263e-01
5.714322344200977177e-01
5.707942168457280641e-01
5.715767596954060004e-01
5.715954053965878190e-01
5.715577579974525646e-01
5.716132176401620413e-01
5.715143933947124388e-01
5.695472196945982057e-01
5.714271979643039678e-01
5.712506225951208272e-01
5.716205999270472793e-01
5.524352629818833904e-01
5.708405412149407665e-01
5.714791904432388048e-01
5.682910089168848877e-01
5.713800245850726434e-01
5.716270084769636828e-01
5.713679602264276625e-01
5.715066736695694205e-01
5.677167856027948156e-01
5.709217822381591478e-01
5.111803345197900583e-01
5.713182231573403769e-01
5.704618448478967485e-01
5.705397347814940012e-01
5.704109910245341863e-01
5.716173474832917378e-01
5.716270094038677918e-01
5.697312416479161090e-01
5.677590742142271107e-01
5.716270068608042543e-01
5.716270094038677918e-01
5.716265210089197524e-01
5.716267446000846686e-01
5.713895797956114464e-01
5.687336552202929552e-01
5.716269644085689716e-01
5.716267298269896990e-01
5.716270094038677918e-01
5.716259955686144867e-01
5.710490151257665570e-01
5.710372043901472683e-01
5.671543590617229569e-01
5.716220695115498129e-01
5.716189802605409209e-01
5.702447335671680939e-01
5.705599744880007762e-01
5.671971646159799096e-01
5.716154804899438169e-01
5.710038400160677430e-01
5.716106808972581943e-01
5.715924352267011121e-01
5.716014174694384886e-01
5.715852229188895794e-01
5.715563670298420273e-01
5.715776882709161510e-01
5.715641370899016138e-01
5.716270094038677918e-01
5.715961675408609555e-01
5.715748050060267538e-01
4.343780431073475112e-01
5.695382109878314170e-01
4.968005957881181933e-01
5.646013692344553636e-01
5.715557858006743430e-01
5.681072334205212737e-01
5.705410208002174022e-01
5.716215492537248810e-01
5.678691383357061806e-01
5.716213216942817033e-01
5.716213216942817033e-01
5.709159892861690455e-01
5.716236511482061244e-01
5.667595570293038065e-01
5.691086312950448534e-01
5.716172101142210638e-01
5.715267735327747012e-01
5.716147036136887127e-01
5.697371541166709186e-01
5.705416093071252748e-01
5.715578536808949561e-01
5.714438336816258790e-01
5.715309598933540070e-01
5.716046513858585865e-01
5.691700166237707581e-01
5.716159347593450235e-01
5.714205476657263638e-01
5.715581236480857807e-01
5.697205402134106755e-01
5.715554356545881065e-01
5.716248840614268634e-01
5.714536353855799167e-01
5.715997582933574073e-01
5.716262239456901817e-01
5.715958284607586259e-01
5.716068816354837878e-01
5.716270094038679028e-01
5.693738962839790529e-01
5.716270092807875791e-01
5.715855827331739469e-01
5.714706995829776925e-01
5.716200458145769270e-01
5.715422592206893526e-01
5.716230329476793548e-01
5.716250213093547750e-01
5.713945114462706254e-01
5.716209281623736427e-01
5.716270092749267118e-01
5.716178750964285848e-01
5.653739087718324674e-01
5.715511382840441357e-01
5.716203543400956155e-01
5.708215971437045066e-01
5.714948974701324902e-01
5.710179014554759291e-01
5.697834145300626485e-01
5.716071713577703939e-01
5.692832604672919405e-01
5.715775830461429230e-01
5.715808991845836573e-01
5.715988001954054321e-01
5.716036853098909187e-01
5.715865095456711398e-01
5.691269416405453363e-01
5.716107592260227799e-01
5.709637511583072200e-01
5.716224767292494846e-01
5.716141256430641304e-01
5.716186282156239251e-01
5.716270094038677918e-01
5.716270094038679028e-01
5.716244428394430255e-01
5.716270094038677918e-01
5.716270094038677918e-01
5.716270094038677918e-01
5.715755801638444655e-01
5.714193324652319106e-01
5.709985658306853118e-01
5.716270094038677918e-01
5.655630851027775297e-01
5.683614544561923498e-01
5.714537522106341028e-01
5.716270094038677918e-01
5.716217643556822381e-01
5.716234361773870898e-01
5.716225257705112028e-01
5.716270094038677918e-01
5.714653041595674221e-01
5.708494564256376691e-01
5.715883666314566236e-01
5.713545826413475304e-01
5.716251203154758542e-01
5.716269891991021534e-01
5.678691383357061806e-01
5.715083617305587449e-01
5.711242182885436502e-01
5.716270093496231830e-01
5.678691383357061806e-01
5.716262638943578889e-01
5.716192996624114286e-01
5.711514413204199503e-01
5.716270094038677918e-01
5.678691383357061806e-01
5.709255922213514189e-01
5.709969726769230647e-01
5.715361241679050019e-01
5.716270094038677918e-01
5.716265963915981851e-01
5.716249458994098198e-01
5.713132737969819352e-01
5.716270094038677918e-01
5.685517428194732936e-01
5.716270094038677918e-01
5.715697522111986562e-01
5.686901955529086727e-01
5.673202128094798624e-01
5.716270094038677918e-01
5.716016313111873526e-01
5.711078632113085751e-01
5.709734941329611679e-01
5.715869178806098905e-01
5.716270094038677918e-01
5.715702829081359404e-01
5.716270094038677918e-01
5.716270031967090048e-01
5.678691383357061806e-01
5.716270094038677918e-01
5.716270094038677918e-01
5.700017478254837400e-01
5.716270084107980542e-01
5.678691383357061806e-01
5.716270087683095191e-01
5.711001505357919950e-01
5.716270089371753294e-01
5.716270094038677918e-01
5.704352092598703461e-01
5.713148960742223670e-01
5.716161307039464567e-01
5.699750568783009674e-01
5.678691383357061806e-01
5.716270094038677918e-01
5.715272645943081375e-01
5.678691383357061806e-01
5.716268075923507386e-01
5.716037926415431514e-01
5.674662255515843245e-01
5.716261504091071366e-01
5.716270094038677918e-01
5.680935270324185549e-01
5.716270094038677918e-01
5.715380490737284047e-01
5.716194756805434984e-01
5.716270087452286486e-01
5.713041767802763404e-01
5.714725149119712633e-01
5.715718693055622524e-01
5.706999722758923088e-01
5.716270094038677918e-01
5.716251164809189600e-01
5.716246687362923629e-01
5.716252992354389217e-01
5.716270094038677918e-01
5.716270087617296713e-01
5.716270094038677918e-01
5.716220529402841199e-01
5.716270094038677918e-01
5.716270086304870990e-01
5.716249286839306665e-01
5.716269664083002411e-01
5.716270094038677918e-01
5.716270094038677918e-01
5.716270094038677918e-01
5.716270094038677918e-01
5.714087096651335740e-01
5.678691383357061806e-01
5.697633474759347116e-01
5.716270094038677918e-01
5.716270094038677918e-01
5.697975237452475028e-01
5.716178209677158506e-01
5.639597127341638982e-01
5.716265479595539212e-01
5.716270094038677918e-01
5.716270094038677918e-01
5.715486036930436109e-01
5.716265479595539212e-01
5.706779250378429813e-01
5.716175103621666809e-01
5.716270094038677918e-01
5.716172581848215639e-01
5.716270094038677918e-01
5.716270094038677918e-01
5.715556148714554530e-01
5.716270094038677918e-01
5.716270094038677918e-01
5.699750654099535740e-01
5.715863300605820152e-01
5.716270094038677918e-01
5.680509840807399513e-01
5.716270094038677918e-01
5.716270094038677918e-01
5.716147364841844825e-01
5.701950256218827340e-01
5.706998226331246871e-01
5.716270094038677918e-01
5.716270094038677918e-01
5.714988304411622311e-01
5.713593197878082952e-01
5.716269721817339722e-01
5.710957088102924795e-01
5.656864569075219507e-01
5.716229553928122709e-01
5.716264859637250062e-01
5.716269241793610068e-01
5.716269241793610068e-01
5.716126985509026870e-01
5.715309262286308867e-01
5.716050812131477921e-01
5.715873119787846512e-01
5.715873119787846512e-01
5.715224857670525571e-01
