9.664399256729259147e-01
9.370681988182361088e-01
9.975184738017162100e-01
9.753607575630833804e-01
9.699682447781102779e-01
9.924103260536007998e-01
9.932370911375221212e-01
9.717484493387938960e-01
9.382938873805320990e-01
9.999962748587161165e-01
9.684003089903616690e-01
9.962089486016726392e-01
9.788447477601032176e-01
9.751500244338914269e-01
9.284220601152131103e-01
9.370681988182361088e-01
8.660312730786098312e-01
9.228862243787155917e-01
9.849837787995362470e-01
9.787729478678122153e-01
8.699437482661491750e-01
9.658647227028038795e-01
9.962773585741407922e-01
9.985917076395316450e-01
9.574105890958789500e-01
9.735335729654276404e-01
9.500954012777976798e-01
9.574443753575129223e-01
9.560945093520767379e-01
9.784064651861553719e-01
9.385388937308523083e-01
9.865762028562367059e-01
9.840055639931993836e-01
9.812636188023795558e-01
9.536857558978524274e-01
9.550264201728563274e-01
9.538243694970952591e-01
9.919968023049906547e-01
9.203792916584047079e-01
9.770783782047958166e-01
8.926137891101113553e-01
9.894519573732271089e-01
9.943294881025677157e-01
9.098454821310588692e-01
9.812870526856318776e-01
9.370681988182361088e-01
9.892732461599165195e-01
8.923563673764693949e-01
9.370681988182361088e-01
9.696267936876835636e-01
9.370681988182361088e-01
9.855347890835964852e-01
9.835683341554782855e-01
9.763020106884333638e-01
8.041190809981597631e-01
9.912005369960631418e-01
9.370681988182361088e-01
9.270569152089785936e-01
9.583246468632908854e-01
9.875697387448081344e-01
8.363957432073325649e-01
9.852540682132576721e-01
9.519795419960432881e-01
9.370681988182361088e-01
9.847391654727014609e-01
9.309170137148148338e-01
7.635123196427651138e-01
9.920824789439671720e-01
9.370681988182361088e-01
9.681127983362063372e-01
9.458730663726849786e-01
8.786552411925460104e-01
9.562870546817274775e-01
9.228862243787155917e-01
9.507695665756714654e-01
9.658347715669162170e-01
9.886143478410345242e-01
9.696713392648773633e-01
9.325586122997577831e-01
7.686699757490356166e-01
9.206140211652615868e-01
9.165721088065449385e-01
9.121646493988389004e-01
9.675728424366838443e-01
9.597545630820256690e-01
9.284902596105977235e-01
9.703819067811919608e-01
9.718767220892369219e-01
9.192493573639241022e-01
9.422476517548082908e-01
9.572869287965634078e-01
9.626103687590569224e-01
9.265156121857485161e-01
6.678525815737104132e-01
9.543163908886782565e-01
9.625950240750994480e-01
9.372418429968636389e-01
9.798358172740293526e-01
9.123792821947042109e-01
8.149086839018219175e-01
9.786680169657195894e-01
9.678362353381614325e-01
9.286886994778564830e-01
9.539032930734436810e-01
9.880510909699766753e-01
9.667652050622289606e-01
9.363783236546450173e-01
9.370681988182361088e-01
9.971529245551870035e-01
9.785770451990936092e-01
9.384992816489529099e-01
9.650660185025605742e-01
9.807562348779995665e-01
9.069943013022234712e-01
9.286980118408463269e-01
9.228862243787155917e-01
9.322317697633586420e-01
9.564492508476856170e-01
9.987480311293559510e-01
9.020483982427808245e-01
9.373920164483408035e-01
9.468253310866906469e-01
9.321032952162857654e-01
9.549042681924231335e-01
9.586072261925033811e-01
9.683380549172405649e-01
9.965232260696392785e-01
9.962481618241681991e-01
9.915566547567032929e-01
9.807830140778370787e-01
9.809037245178792164e-01
8.684564093409141705e-01
9.893845297891407098e-01
9.370681988182361088e-01
9.172940115712797660e-01
9.003469385799517388e-01
9.725119476465001744e-01
8.070410101376955803e-01
9.714518557907321217e-01
9.280598173178656873e-01
9.370681988182361088e-01
9.878799597654636111e-01
9.275032951654382796e-01
9.849612166781198663e-01
9.969326246673584357e-01
9.754001701611139108e-01
8.737228842064105327e-01
9.851129055785250443e-01
9.855442730176326993e-01
7.926993233051817800e-01
9.366975648148105904e-01
9.800204197808225492e-01
9.958415155869670965e-01
9.370681988182361088e-01
9.736295452432516262e-01
9.722517992152389654e-01
9.751849897195343786e-01
9.906372141431509792e-01
9.898808486738549517e-01
9.846368317638913847e-01
9.640198224156141249e-01
9.279472831823413204e-01
9.895911737616378545e-01
9.109122151195673256e-01
9.896991121507917599e-01
9.460252925757495213e-01
9.914641515987701048e-01
9.370681988182361088e-01
9.819954668810596532e-01
9.655569580608018843e-01
9.965437225149564870e-01
9.856699394364466515e-01
9.528426405155077106e-01
9.881952384489627317e-01
9.294390610473970415e-01
9.793221195960613024e-01
9.370681988182361088e-01
9.238590940942196239e-01
9.644248014604061003e-01
9.323268399754749414e-01
9.483811708180024391e-01
9.782406962096786840e-01
9.370681988182361088e-01
9.206766232469688616e-01
7.530843190949387811e-01
9.499430504673025411e-01
8.943545124510823285e-01
9.853052929569956486e-01
8.005000913539147556e-01
9.849007445474686762e-01
9.573914455132798151e-01
9.187255962399323295e-01
9.922681608658632246e-01
9.370681988182361088e-01
9.673607083730736411e-01
9.398386675630381326e-01
9.748459588891074112e-01
9.733733282326729741e-01
9.589678901610823036e-01
9.748718430423368719e-01
9.882914897484146310e-01
9.295959557450523825e-01
9.673494788099764596e-01
9.555225753408627121e-01
9.880546295766535758e-01
9.555225753408627121e-01
9.828211169161330529e-01
9.740547817309647138e-01
8.868591102926018932e-01
9.927495656912447286e-01
9.141336469131813303e-01
9.906296378660721658e-01
9.814127037927525832e-01
9.480599223043545409e-01
9.125692021402781462e-01
9.214251915177893437e-01
9.871687280764552819e-01
9.481461859159184824e-01
9.537330455763382009e-01
9.654492161092654845e-01
9.864429981745851395e-01
9.289661891433578234e-01
9.289533426771194868e-01
9.686938834149945166e-01
9.163498590972248836e-01
7.824567011510903392e-01
7.729015026677179545e-01
7.740845421901325629e-01
8.673328606366224047e-01
8.673322880291710613e-01
8.673623724795604950e-01
9.370681988182361088e-01
9.370681988182361088e-01
9.504905126891782796e-01
9.678487191342355356e-01
9.370681988182361088e-01
9.588523031708452438e-01
8.932902727800033915e-01
9.440212602147894927e-01
9.652207416686063857e-01
9.667526887149838766e-01
9.852941327413458072e-01
1.000000000000000000e+00
1.000000000000000000e+00
9.385350287854142826e-01
8.833274158883632765e-01
9.920686064255113124e-01
9.370681988182361088e-01
9.825025833652565321e-01
9.739715944701421435e-01
9.785257893801956319e-01
9.243201075529040578e-01
9.841865063415194959e-01
8.879555049888637752e-01
9.811472667869234332e-01
9.457136879859797673e-01
9.481319109675021561e-01
9.663170295252070385e-01
9.254535996263590913e-01
8.273784223589017994e-01
9.192328601892824080e-01
9.774165662757177131e-01
9.419325976011603263e-01
9.511165048961168766e-01
9.673213064458395793e-01
9.658564480781897110e-01
9.790370018755151227e-01
9.370681988182361088e-01
8.720960592400340827e-01
9.058650088337750761e-01
9.370681988182361088e-01
9.438713145998564036e-01
9.640083708800423201e-01
9.638623918079460839e-01
9.648875389243939393e-01
9.245277238154921973e-01
9.655512052254845434e-01
9.691008191699376217e-01
9.782946335460361853e-01
9.868551257383291198e-01
8.887907539130723844e-01
9.892665447205426510e-01
9.942926009129851028e-01
9.953022518659848661e-01
9.867582515356317918e-01
9.427203909406696170e-01
9.451701768871116904e-01
9.887532131999499097e-01
9.889564278205903447e-01
8.044357757523086239e-01
9.228862243787155917e-01
9.997637407241580787e-01
7.462931563312343863e-01
8.327772318720083611e-01
9.370681988182361088e-01
9.937500416830034045e-01
9.544683594174846464e-01
9.816439068245894628e-01
8.769324748685862758e-01
9.845214807777470378e-01
9.277757982253466151e-01
9.499751344826740107e-01
9.657994672517550283e-01
9.815194982282730018e-01
9.568630145164049861e-01
9.691972236604242674e-01
9.736909290080686397e-01
9.497540139613285248e-01
9.968487168254783759e-01
9.064476246637495072e-01
9.428454599573926620e-01
9.723428066108784629e-01
9.550354303376035192e-01
9.549856934684771703e-01
9.549625850714452691e-01
9.818321790164266094e-01
9.607242411332783671e-01
9.697111097216886133e-01
9.212280386217659434e-01
9.320211596989598224e-01
9.744968797107862457e-01
9.716681504294174543e-01
9.373108441354449649e-01
9.971763784962613952e-01
9.980251665581286735e-01
9.867560798118136800e-01
9.867394923310818244e-01
9.974108004355568546e-01
9.978350530211267388e-01
1.000000000000000000e+00
9.829266546391676185e-01
9.529267185347558566e-01
9.967899289789502459e-01
9.663881936847996679e-01
9.370681988182361088e-01
9.928062455587278734e-01
9.565212664755620153e-01
9.507582438852335560e-01
1.000000000000000000e+00
9.959300766706628005e-01
9.972033151557215813e-01
9.893362277131124705e-01
9.477385827811430907e-01
9.982411784731232141e-01
9.177593910118601039e-01
9.809602061500110048e-01
9.925130804188975198e-01
9.979039723161708952e-01
9.954006243751859495e-01
9.370681988182361088e-01
9.824147948513984874e-01
9.745653239651477229e-01
9.893433738367007901e-01
9.523539233835172091e-01
9.595730005017252262e-01
9.669574557213402866e-01
9.920195979521574392e-01
9.755749326734388660e-01
9.978636454167372216e-01
9.539668680459116867e-01
9.684841409141580204e-01
9.541089957995000370e-01
9.587721260186711225e-01
1.000000000000000000e+00
9.304315089146009132e-01
9.976437504237374299e-01
9.634880834599048871e-01
9.276189243756587377e-01
9.030675908338063884e-01
9.979718108559879619e-01
9.633536989250047755e-01
9.044457385109994085e-01
9.611253280518451403e-01
9.877731533080326143e-01
9.960747233620819152e-01
9.768950720301523560e-01
9.228862243787155917e-01
9.967913988769743217e-01
9.902587927163279957e-01
9.958727341659469046e-01
8.967547573850772613e-01
9.595819360181717661e-01
9.493194709124008757e-01
9.997453599457378770e-01
9.370681988182361088e-01
9.592403095906064658e-01
9.228862243787155917e-01
9.540092807873936653e-01
9.855696248045007213e-01
9.861427128200341841e-01
9.631982172375335161e-01
9.941776494510233819e-01
9.766064919991814808e-01
9.109122151195673256e-01
9.914913832941814054e-01
9.440943872264109249e-01
9.540265335229886068e-01
9.525464752608072683e-01
9.866597314508597227e-01
9.787290059413321641e-01
9.734571490239171121e-01
9.999881658415135099e-01
9.673622865906179591e-01
9.985941851240683897e-01
9.985941851240683897e-01
9.998967883803149270e-01
9.990309543860557140e-01
9.307318831471509402e-01
9.996130557372359116e-01
9.546294542000905992e-01
9.795773893305383950e-01
1.000000000000000000e+00
1.000000000000000000e+00
1.000000000000000000e+00
1.000000000000000000e+00
9.848260838083332525e-01
9.873166022643059536e-01
9.109122151195673256e-01
9.664956823115099516e-01
9.579563641266238827e-01
9.936137494140870885e-01
9.966547451189214923e-01
9.815954496317832456e-01
1.000000000000000000e+00
9.993677250832968539e-01
9.228862243787155917e-01
9.228862243787155917e-01
9.370681988182361088e-01
1.000000000000000000e+00
9.522742712183420721e-01
9.861896459107318824e-01
9.865760063779561717e-01
9.833657088951471836e-01
1.000000000000000000e+00
9.808369185012529856e-01
9.370681988182361088e-01
9.848829128043341541e-01
1.000000000000000000e+00
9.999110014752969899e-01
9.772982799003877563e-01
9.819623592569282078e-01
1.000000000000000000e+00
9.530860229010003071e-01
9.370681988182361088e-01
9.217472578241053816e-01
9.343820735864878380e-01
9.925432936369720238e-01
9.652288944097356937e-01
9.726599904403440133e-01
9.216456799364189933e-01
1.000000000000000000e+00
9.960939761432517914e-01
9.413397554927429578e-01
9.555211860899097687e-01
9.976546732890420044e-01
9.953693615643228743e-01
9.898404795618007679e-01
9.978081856942094818e-01
9.831291527755486870e-01
9.370681988182361088e-01
9.726929021659534991e-01
9.726929021659534991e-01
9.726929021659534991e-01
9.640482795659509607e-01
9.874845716785922711e-01
9.946156585381573656e-01
9.939141576442731552e-01
9.370681988182361088e-01
9.882658780381209374e-01
9.945251515315343127e-01
9.969293339382221397e-01
1.000000000000000000e+00
9.370681988182361088e-01
9.832726066293470124e-01
9.370681988182361088e-01
9.879063754539250120e-01
9.245888679007450150e-01
9.555585162115858289e-01
1.000000000000000000e+00
9.976201739910556254e-01
9.985733571454080693e-01
9.228862243787155917e-01
9.824499446845672557e-01
9.953996232457904547e-01
1.000000000000000000e+00
9.499007074511351956e-01
1.000000000000000000e+00
9.823505146896133189e-01
1.000000000000000000e+00
9.852808164300768112e-01
9.926039226768375023e-01
9.695482772263810389e-01
1.000000000000000000e+00
9.964962406742142731e-01
9.480951890548149352e-01
9.545589605635048658e-01
9.370681988182361088e-01
9.425033947889086550e-01
9.571102124668253719e-01
9.571351609198539556e-01
9.571102124668240396e-01
9.545560041751808278e-01
9.922907867973433937e-01
9.939290807422804797e-01
9.978675681836707279e-01
9.959736630406968994e-01
9.305146817704172957e-01
8.127886228855865092e-01
9.585826133293782192e-01
9.604402320286016259e-01
9.598734487166670215e-01
9.311055719052792057e-01
9.903917904582170140e-01
9.957127696306539155e-01
9.861991590599633595e-01
9.921519947471422185e-01
9.848517263916171105e-01
9.968562385762492761e-01
9.971882806378324915e-01
9.354509602840404003e-01
9.703428009001424659e-01
9.729275415169260643e-01
9.870002067364920251e-01
9.910872940318866675e-01
9.611434052433405206e-01
9.826124162530330830e-01
9.579564171088645885e-01
9.825665081909047416e-01
9.557094377013374276e-01
9.950230990666899533e-01
9.890422215849637988e-01
9.895012058836525348e-01
9.975650726231235499e-01
9.975650726231235499e-01
9.803265260851490304e-01
9.702762600459824416e-01
9.962749967811305174e-01
1.000000000000000000e+00
1.000000000000000000e+00
1.000000000000000000e+00
9.717497166623630944e-01
9.997590068809275587e-01
9.863416639919135864e-01
9.933584467947716989e-01
9.425206404593944320e-01
9.908084144383970671e-01
9.453780401713366421e-01
9.929295402891656908e-01
9.999885167867633706e-01
9.403382405679288070e-01
9.687808810649497504e-01
9.991142168313594807e-01
1.000000000000000000e+00
9.995015823306713232e-01
9.717940591193576783e-01
9.835475198323462287e-01
9.704748365379295416e-01
9.419723973959905905e-01
9.947543957230378098e-01
1.000000000000000000e+00
9.764731457256990987e-01
9.673059310055382998e-01
9.997323054881910309e-01
9.836403538449941530e-01
9.985731072339982806e-01
9.947643009024459415e-01
1.000000000000000000e+00
9.939537889035537921e-01
9.999777226817848641e-01
9.908078382528454631e-01
9.907092807821995528e-01
9.957752500015660813e-01
9.957957678689387526e-01
9.747479532760560117e-01
9.767506892275201746e-01
9.947279596489709830e-01
9.370681988182361088e-01
9.864967298128034523e-01
9.971347971069850491e-01
9.817275535266652975e-01
9.370681988182361088e-01
9.642254422042033646e-01
9.906105173745940462e-01
9.370681988182361088e-01
1.000000000000000000e+00
9.738482240782616595e-01
9.988950307613433388e-01
1.000000000000000000e+00
9.994117007073761716e-01
9.370681988182361088e-01
9.513253453724840325e-01
9.600063928063877761e-01
9.843682481444744337e-01
9.828668198856924665e-01
9.808825096205839866e-01
9.326473444201477392e-01
1.000000000000000000e+00
9.370681988182361088e-01
1.000000000000000000e+00
9.155205038679568030e-01
9.978469122419901804e-01
1.000000000000000000e+00
8.940764264954936813e-01
8.940764264954936813e-01
9.918529166535245967e-01
9.697518199054747656e-01
9.852959154894287419e-01
1.000000000000000000e+00
9.867830222121490857e-01
9.831908833450261342e-01
9.825240792700440373e-01
9.813731776905373350e-01
1.000000000000000000e+00
9.856920197179027676e-01
9.753012106386480529e-01
9.972179470663876666e-01
9.992709732726807736e-01
9.370681988182361088e-01
9.793777825107520263e-01
9.991262917003231880e-01
9.370681988182361088e-01
9.971805300531493277e-01
9.536902588236997325e-01
9.370681988182361088e-01
9.935680840883700515e-01
9.725196450373558843e-01
1.000000000000000000e+00
1.000000000000000000e+00
9.953722442773010881e-01
9.992346233642089848e-01
9.908997286171172814e-01
9.759956654234807072e-01
9.985602518037373088e-01
9.948748993075334779e-01
9.740203409330204787e-01
9.247635212630022084e-01
9.858602760806974841e-01
9.440689585675273721e-01
9.903384638373942117e-01
9.299816949127802657e-01
9.998756966899241538e-01
9.998287799351672778e-01
9.811333586376032034e-01
9.959743495167515670e-01
9.875912063503302640e-01
9.488124502501892321e-01
9.960749663865058334e-01
9.679428031402894650e-01
9.446984086313670037e-01
9.926782724376442824e-01
9.370681988182361088e-01
9.197134507456649066e-01
9.969094375814111508e-01
9.996805823258642087e-01
9.510008342950384552e-01
9.687784785486773798e-01
9.370681988182361088e-01
9.399557382300167685e-01
9.865159668674028381e-01
9.098544653036781948e-01
9.370681988182361088e-01
9.881565774247510481e-01
9.832703548090266921e-01
9.985456052279949590e-01
9.858494418656377212e-01
9.440508445624490319e-01
9.455284442099607389e-01
9.907086347867577469e-01
9.776412776074087096e-01
9.717056796110797867e-01
9.932787948619766771e-01
9.003469385799517388e-01
9.003469385799517388e-01
9.707605566364573280e-01
9.598630529150593560e-01
9.597694701398842287e-01
9.961619039037628021e-01
9.454221220587546437e-01
9.748669425869904703e-01
9.499792079318735150e-01
9.944683609299128646e-01
9.918380307856838884e-01
9.599415955941542622e-01
9.974271083976320451e-01
9.890761752667862616e-01
9.675609102980557985e-01
9.966910643979237650e-01
9.609839742345480662e-01
9.897268732498799571e-01
9.440750732627688491e-01
9.807009781174166330e-01
9.713262644235828303e-01
9.842246339722163784e-01
9.536314240299073042e-01
9.979824605842639862e-01
9.441088753646612597e-01
9.842978120791348040e-01
9.228862243787155917e-01
9.943206907659988270e-01
9.969993505283943902e-01
9.542530680842631341e-01
9.212248561314355655e-01
9.864308364903539017e-01
1.000000000000000000e+00
1.000000000000000000e+00
9.563040166787387664e-01
9.949312694247006705e-01
9.840325145039622301e-01
9.644412169327363227e-01
9.724768329220637719e-01
1.000000000000000000e+00
9.877120669939358777e-01
9.731373078443331659e-01
1.000000000000000000e+00
1.000000000000000000e+00
1.000000000000000000e+00
9.359431493599186247e-01
9.756488917023481422e-01
1.000000000000000000e+00
9.985941724550179144e-01
9.822879870765558463e-01
9.813498501909290184e-01
9.706086085367907623e-01
9.934663062450684867e-01
9.363521856134341403e-01
9.955123290535173863e-01
9.865335735729778843e-01
9.968562326198661117e-01
9.968562326198661117e-01
9.902760893370815554e-01
9.835867435311301810e-01
1.000000000000000000e+00
1.000000000000000000e+00
1.000000000000000000e+00
1.000000000000000000e+00
9.861156317743481337e-01
1.000000000000000000e+00
9.931365302422830998e-01
9.889940091927152954e-01
9.950924120867169487e-01
9.228862243787155917e-01
9.228862243787155917e-01
9.228862243787155917e-01
9.370681988182361088e-01
9.960969991968871007e-01
9.875200083525256245e-01
9.971954891704311041e-01
1.000000000000000000e+00
9.370681988182361088e-01
9.936881489406972356e-01
9.960969991968871007e-01
9.806328497910231645e-01
9.946962907453759106e-01
1.000000000000000000e+00
9.959000012722236672e-01
1.000000000000000000e+00
9.825080434767287096e-01
9.909531057887702721e-01
1.000000000000000000e+00
1.000000000000000000e+00
1.000000000000000000e+00
1.000000000000000000e+00
9.999664375350555412e-01
9.455202693532308578e-01
1.000000000000000000e+00
1.000000000000000000e+00
1.000000000000000000e+00
1.000000000000000000e+00
9.936360098649065220e-01
1.000000000000000000e+00
1.000000000000000000e+00
9.999700252577133908e-01
1.000000000000000000e+00
9.968553491037058789e-01
9.937012882771175670e-01
9.977407867492483762e-01
9.892030697108176174e-01
1.000000000000000000e+00
1.000000000000000000e+00
1.000000000000000000e+00
9.911411240777842080e-01
9.999177307227862244e-01
1.000000000000000000e+00
1.000000000000000000e+00
9.967366505590512515e-01
9.321714286129352267e-01
1.000000000000000000e+00
9.971504172901218821e-01
9.114203794729842656e-01
1.000000000000000000e+00
1.000000000000000000e+00
1.000000000000000000e+00
9.916252830913673266e-01
9.960667402930518666e-01
1.000000000000000000e+00
8.872736990770274668e-01
9.790374956206731039e-01
9.617766036196137014e-01
9.685974649899729005e-01
9.960969991968871007e-01
1.000000000000000000e+00
1.000000000000000000e+00
9.535052667443271179e-01
9.930004032957088222e-01
9.930004032957088222e-01
9.930004032957088222e-01
9.555225753408627121e-01
9.767602803731607608e-01
1.000000000000000000e+00
1.000000000000000000e+00
9.929915401871770575e-01
1.000000000000000000e+00
9.957057211518340889e-01
9.765646662052153149e-01
9.960667402930518666e-01
9.944306091333350306e-01
9.792447692341597065e-01
9.967055248032569148e-01
9.999920137977620360e-01
9.109122151195673256e-01
9.717317107534809706e-01
1.000000000000000000e+00
1.000000000000000000e+00
9.999692407618865353e-01
9.762281054022888815e-01
9.902893592909239873e-01
1.000000000000000000e+00
1.000000000000000000e+00
1.000000000000000000e+00
1.000000000000000000e+00
9.999999894632878306e-01
1.000000000000000000e+00
1.000000000000000000e+00
1.000000000000000000e+00
9.370681988182361088e-01
1.000000000000000000e+00
9.159140310258802042e-01
1.000000000000000000e+00
9.826364886332638049e-01
1.000000000000000000e+00
1.000000000000000000e+00
1.000000000000000000e+00
1.000000000000000000e+00
1.000000000000000000e+00
9.113749967326306711e-01
1.000000000000000000e+00
9.790848064153094832e-01
1.000000000000000000e+00
9.960667402930518666e-01
9.999913503476174359e-01
1.000000000000000000e+00
9.968593187247339893e-01
9.825596257951727530e-01
9.968593187247339893e-01
9.021807270062064399e-01
9.940891309836132894e-01
1.000000000000000000e+00
1.000000000000000000e+00
9.926465928258150218e-01
9.985941402075472206e-01
9.370681988182361088e-01
1.000000000000000000e+00
1.000000000000000000e+00
9.725090569048647771e-01
1.000000000000000000e+00
9.992785924573610590e-01
9.722064381436525959e-01
9.997770901954182721e-01
9.998852889152651802e-01
9.998279663163407438e-01
9.955544357907336606e-01
9.370681988182361088e-01
9.946304266139722738e-01
9.936934053085612062e-01
9.529765945616744949e-01
9.928316864323514235e-01
9.965515054602582801e-01
9.716411356755862982e-01
9.975419263431836159e-01
9.929708937114116729e-01
8.518594132227959026e-01
9.995130832464905746e-01
9.845765227238341133e-01
9.951979216482643720e-01
9.642421515526239384e-01
9.578211036768916609e-01
9.993701726543693376e-01
9.370681988182361088e-01
9.997635045997282921e-01
9.981587844599016934e-01
9.749300864104256670e-01
9.862526516487318817e-01
9.814416155778659112e-01
9.814118235014200886e-01
9.929023248853955375e-01
9.968328169410110018e-01
9.817070947313674134e-01
9.636232865436404893e-01
9.704754977845428954e-01
9.878124295008497979e-01
9.955649992714000751e-01
9.930900614741843269e-01
9.903310051494329525e-01
9.590223738847800661e-01
1.000000000000000000e+00
9.997428576344457030e-01
1.000000000000000000e+00
1.000000000000000000e+00
9.987912803008974771e-01
9.954184772155625360e-01
9.958849360783113003e-01
9.999283911206359177e-01
9.948776142254115440e-01
9.960685011730406879e-01
9.985336738720063110e-01
9.999918998036101403e-01
9.971005469348874772e-01
9.724600915234694609e-01
9.997741027607814912e-01
9.984865663817912296e-01
9.817771861164855673e-01
9.970038050883033298e-01
9.805187613966167559e-01
9.370681988182361088e-01
9.315408992128635379e-01
9.551355636197195187e-01
9.999999894632878306e-01
9.999999894632878306e-01
1.000000000000000000e+00
9.998258004894652329e-01
1.000000000000000000e+00
9.632108832557767508e-01
9.370681988182361088e-01
9.999999894632878306e-01
9.968565191671283632e-01
9.999999894632878306e-01
9.949759985349371227e-01
9.655935030364030114e-01
9.985922909258101443e-01
9.938457773325999334e-01
1.000000000000000000e+00
9.999746677980714260e-01
9.996074528948881710e-01
9.552783747730343444e-01
9.370681988182361088e-01
9.712076396739784956e-01
1.000000000000000000e+00
9.727716775642814007e-01
9.990092824139447103e-01
9.996781513682044817e-01
9.999264522126348753e-01
9.979409426098099223e-01
9.974360409069309430e-01
9.985934522646495726e-01
9.973880957601539698e-01
9.995023059636625185e-01
9.999490760724668581e-01
1.000000000000000000e+00
9.985939714164674408e-01
9.996681187928205814e-01
8.887480777688585576e-01
9.948998346488258093e-01
9.999705404909983164e-01
1.000000000000000000e+00
9.879518028280188657e-01
9.996399638334357851e-01
1.000000000000000000e+00
9.962947024012053232e-01
9.519480507400166491e-01
1.000000000000000000e+00
1.000000000000000000e+00
1.000000000000000000e+00
9.326467271567572270e-01
9.741232887930912909e-01
6.832160136043980980e-01
6.832147954684000268e-01
9.535174972158528828e-01
9.814814393791460034e-01
9.350879280726239751e-01
9.754392080407512378e-01
9.959703675605340312e-01
9.935563594264674725e-01
9.556974242060962688e-01
9.916386510387231734e-01
9.991723299614014842e-01
9.407841523920233984e-01
1.000000000000000000e+00
9.998521237468857015e-01
9.886372250580833798e-01
1.000000000000000000e+00
1.000000000000000000e+00
9.961541026961138190e-01
9.456406052224035630e-01
9.456618208246836410e-01
9.913282400555776253e-01
9.959568676236951745e-01
9.528964405884021716e-01
9.907310405453685354e-01
9.919801022019039127e-01
9.468393312548053498e-01
9.833792629508577576e-01
9.452789412227851074e-01
9.955712367044473599e-01
1.000000000000000000e+00
9.654595368714042891e-01
1.000000000000000000e+00
9.975614678036237581e-01
9.980102604951962553e-01
9.481026856366013833e-01
9.844086195057877298e-01
1.000000000000000000e+00
9.955313456507356440e-01
9.827303930790746156e-01
1.000000000000000000e+00
9.999910889498678790e-01
9.629392295608807384e-01
9.228862243787155917e-01
9.261668478436300145e-01
1.000000000000000000e+00
9.990966451246758862e-01
9.967766307585488317e-01
9.999667776881797643e-01
9.696989976720311599e-01
1.000000000000000000e+00
9.228862243787155917e-01
9.953558415958866368e-01
1.000000000000000000e+00
9.610128908673145620e-01
9.999728172737318843e-01
9.458136356903129593e-01
9.376964457805325726e-01
1.000000000000000000e+00
1.000000000000000000e+00
9.712839556373342731e-01
1.000000000000000000e+00
1.000000000000000000e+00
1.000000000000000000e+00
9.374693119772358196e-01
9.601830599683388590e-01
9.999805779097289404e-01
9.922155477725981276e-01
9.492016879314670863e-01
1.000000000000000000e+00
9.825891761632427057e-01
9.533069347656335513e-01
9.985805810319390297e-01
9.685557679874674530e-01
9.960052134897205978e-01
9.997203600350438313e-01
9.813521585328819352e-01
1.000000000000000000e+00
9.973284704854636917e-01
1.000000000000000000e+00
9.991883590060866016e-01
9.973363185641868078e-01
9.982896630534605631e-01
9.907005067198708659e-01
9.920872538331489965e-01
9.977546414648664763e-01
9.978314638041567708e-01
9.134953560562873998e-01
9.370681988182361088e-01
9.943254247622868025e-01
9.725340351332230071e-01
8.119332982484559480e-01
8.119589206190789277e-01
9.567384506115795828e-01
9.982256572168938247e-01
9.542745941923179709e-01
9.977679787420673518e-01
9.977589972198727120e-01
9.965770525354342713e-01
9.944535203502091747e-01
9.384407606793419010e-01
9.148480060821863047e-01
9.990579957452438986e-01
9.875847155147331469e-01
9.985470352929669557e-01
9.956447975119125937e-01
9.256657974164451685e-01
1.000000000000000000e+00
9.991716680062167066e-01
9.370681988182361088e-01
9.874117225255624186e-01
9.994466291959839266e-01
9.974854704859403842e-01
9.920269698724265561e-01
9.918132358934509396e-01
9.466072213170092509e-01
9.999799214828924976e-01
9.772178074272668269e-01
9.999899602493410589e-01
9.982543816553558491e-01
9.869919672890368201e-01
9.999914803140267372e-01
9.704624335838691884e-01
9.967259183010619417e-01
9.980369831952669024e-01
9.066312341531312935e-01
9.945319569584417652e-01
9.430926600063357368e-01
9.370681988182361088e-01
9.996091758233671687e-01
9.996591984752141169e-01
9.959276881821845784e-01
9.998094126433659801e-01
9.998094126433659801e-01
9.876252852024395290e-01
9.809487418229120292e-01
9.961739970607087491e-01
9.960717421485958400e-01
9.999297423934260243e-01
9.370681988182361088e-01
7.014630726699772056e-01
9.960822021343156418e-01
9.963541808057374549e-01
9.038025911935955170e-01
9.916546128840678653e-01
9.936982181846285567e-01
9.999999894632878306e-01
9.132684363839967956e-01
9.972656911318501516e-01
9.971373864683320543e-01
9.872736092073678416e-01
9.714806348443716377e-01
9.963019428377997144e-01
9.943909471822611756e-01
9.833895095618042648e-01
9.391245781020702843e-01
9.877927754926549841e-01
9.703304259138575416e-01
9.460205706268000059e-01
9.978875394846077329e-01
9.971067589883032545e-01
9.825115049714950866e-01
9.920358920222370758e-01
9.694855130344680605e-01
9.686247801182413797e-01
9.894111954829871713e-01
9.998452167769059651e-01
1.000000000000000000e+00
9.798229991975256903e-01
9.657225532336655149e-01
9.918519563974775854e-01
1.000000000000000000e+00
9.922136564130206171e-01
1.000000000000000000e+00
9.677145892852085929e-01
9.742789338076079941e-01
9.988727460940581837e-01
9.537430106986402034e-01
9.160950071683904294e-01
9.977863324247041588e-01
8.221823079634374976e-01
7.354530437276400878e-01
9.370681988182361088e-01
9.951885339854630308e-01
9.500416262155181313e-01
9.941268306544431832e-01
1.000000000000000000e+00
9.953343762346763546e-01
9.339734037215523532e-01
9.525125815455592893e-01
9.370681988182361088e-01
8.886235062168998944e-01
1.000000000000000000e+00
9.814461332999295795e-01
9.706193204585253920e-01
9.968154148302305062e-01
9.941108930000314148e-01
9.924481422293667254e-01
9.757978167200479502e-01
9.228862243787155917e-01
9.370681988182361088e-01
9.837921520868859737e-01
5.538945794812085710e-01
9.986989288075001081e-01
9.807394401615373569e-01
1.000000000000000000e+00
9.997307355500716364e-01
9.997307355500716364e-01
1.000000000000000000e+00
9.649717962477697419e-01
9.979070637589650961e-01
1.000000000000000000e+00
9.222699021980129697e-01
9.913444813347264128e-01
1.000000000000000000e+00
9.999965777252110000e-01
9.971728273383129171e-01
8.885410127938558889e-01
9.709183175540979649e-01
9.544940144773618185e-01
9.999759245119992368e-01
9.228862243787155917e-01
9.973562866834684293e-01
9.929238473459042202e-01
1.000000000000000000e+00
1.000000000000000000e+00
9.262322331256400698e-01
9.973554654603018488e-01
9.293197096634325804e-01
9.942171988920810444e-01
9.784859465888472441e-01
9.772069637105171847e-01
9.989470346680200397e-01
9.793898706227900375e-01
9.961960261411721973e-01
8.486110884535427168e-01
9.772073145949979889e-01
9.741934193053962687e-01
9.999931213505737215e-01
9.511795483427369913e-01
9.999486854460307717e-01
1.000000000000000000e+00
1.000000000000000000e+00
1.000000000000000000e+00
1.000000000000000000e+00
9.623195965742969982e-01
9.967090934639822875e-01
9.985919384713867197e-01
9.999775972203971408e-01
9.370681988182361088e-01
9.999440033732593935e-01
9.871427515144101106e-01
9.970503892362330145e-01
9.491048982881713503e-01
9.970795681106340291e-01
1.000000000000000000e+00
9.943253319961070646e-01
9.975278187042793121e-01
1.000000000000000000e+00
9.950757115835172639e-01
1.000000000000000000e+00
9.974396295921652555e-01
9.606424547846206252e-01
1.000000000000000000e+00
1.000000000000000000e+00
9.979998017968463309e-01
9.370681988182361088e-01
9.961108142904667728e-01
9.745279389996635011e-01
1.000000000000000000e+00
1.000000000000000000e+00
9.983305228792163089e-01
9.740896278764020755e-01
9.965921689937354833e-01
9.968306996593140346e-01
9.968794293890459457e-01
9.909184728515880725e-01
9.980093512093778374e-01
1.000000000000000000e+00
9.966860541626481051e-01
9.941189034425341742e-01
1.000000000000000000e+00
8.821571497779689963e-01
9.983737582340960204e-01
9.999970206247011939e-01
9.795773893305383950e-01
8.990161795647382270e-01
9.776988793216727647e-01
1.000000000000000000e+00
9.808595344460935284e-01
9.965677489109407983e-01
9.998891902888091821e-01
9.965677489109407983e-01
9.771246916725183640e-01
9.870934103071282717e-01
1.000000000000000000e+00
1.000000000000000000e+00
9.555225753408627121e-01
1.000000000000000000e+00
9.985941945657133001e-01
9.071705076560933056e-01
1.000000000000000000e+00
1.000000000000000000e+00
1.000000000000000000e+00
9.787365592808112691e-01
9.305677434101011780e-01
9.932782372771487012e-01
9.814327442253262257e-01
1.000000000000000000e+00
1.000000000000000000e+00
1.000000000000000000e+00
1.000000000000000000e+00
1.000000000000000000e+00
1.000000000000000000e+00
9.999968336697930837e-01
1.000000000000000000e+00
9.838200109564051443e-01
9.825177040201510392e-01
9.151274610183208758e-01
1.000000000000000000e+00
9.140387904403994845e-01
1.000000000000000000e+00
9.999731447214904589e-01
9.999662805028127766e-01
9.174729039818754206e-01
9.599287648069839696e-01
9.682486913573946641e-01
9.003469385799517388e-01
9.611434052433390773e-01
1.000000000000000000e+00
1.000000000000000000e+00
9.808750372894813330e-01
1.000000000000000000e+00
9.969701416886900258e-01
9.636812477229200757e-01
9.583444640245395441e-01
9.999931493542131289e-01
9.370681988182361088e-01
9.723760338614833021e-01
9.999829612307603588e-01
1.000000000000000000e+00
9.396199733316895619e-01
9.745032332618596138e-01
1.000000000000000000e+00
9.681724770341223474e-01
9.970493531741085880e-01
9.880161702278861258e-01
9.995492684681509532e-01
9.985877269605570872e-01
9.643446892343200405e-01
8.977462506211215665e-01
9.038269304715460528e-01
9.169603290113425009e-01
9.665487088869748611e-01
9.693117622646886256e-01
9.424049447465664420e-01
1.000000000000000000e+00
9.491496828456692514e-01
9.370681988182361088e-01
9.588220828189530920e-01
9.384131494759941905e-01
9.382640543160285507e-01
9.784177777653240149e-01
9.784417084336916037e-01
8.910780607320716307e-01
1.000000000000000000e+00
9.811650586569254928e-01
9.811650586569254928e-01
9.814522596860408843e-01
9.736334610040727755e-01
9.603483198246047792e-01
9.330230737324283208e-01
9.301845159219531700e-01
9.703577761201370722e-01
9.850644009796868383e-01
9.999045614145011251e-01
9.998472811779395286e-01
9.849371758256971754e-01
9.897318710902425209e-01
9.931971209344034879e-01
9.930000773267415592e-01
9.815326957000944930e-01
9.954381552124712540e-01
9.623226380845032457e-01
9.959583956533398785e-01
9.533753919323953996e-01
9.985933059849524396e-01
9.772627263927712304e-01
9.935253635056882082e-01
9.999961667939445409e-01
9.999968703304308315e-01
9.438114092050090553e-01
9.876740831744309501e-01
9.881086738570372674e-01
9.228862243787155917e-01
9.999655028575957783e-01
9.145027808594035079e-01
9.959333699496600856e-01
9.961202701084161948e-01
9.526330954896436998e-01
9.999999894632878306e-01
9.881860430280570151e-01
9.370681988182361088e-01
9.999999894632878306e-01
9.977195903839971569e-01
9.963974792425569493e-01
9.552781859726411362e-01
9.552781859726411362e-01
9.999806159546038575e-01
9.999999894632878306e-01
9.999961232344500850e-01
9.985941954126325015e-01
1.000000000000000000e+00
1.000000000000000000e+00
9.370681988182361088e-01
9.839288604731696308e-01
1.000000000000000000e+00
9.999999894632878306e-01
9.881648318051069468e-01
9.976831846505251900e-01
1.000000000000000000e+00
9.108563297789840085e-01
1.000000000000000000e+00
9.994034297346546802e-01
9.370681988182361088e-01
9.683061608956801125e-01
9.778403675372873138e-01
1.000000000000000000e+00
9.933416932436425206e-01
1.000000000000000000e+00
9.744565121944159802e-01
9.942497439068783693e-01
9.370681988182361088e-01
9.370681988182361088e-01
9.502267441411318405e-01
9.883741269671205698e-01
9.370681988182361088e-01
9.370681988182361088e-01
9.854471896313620194e-01
9.999156604122836356e-01
1.000000000000000000e+00
9.999999894632878306e-01
9.792003521760000995e-01
9.918231966713293435e-01
9.974593877789631469e-01
9.946691421592922522e-01
9.594505440117016004e-01
9.975899125413142388e-01
9.999044348509696922e-01
9.674340645033772113e-01
9.255372311161502719e-01
9.999999894632878306e-01
1.000000000000000000e+00
9.888060905353694974e-01
9.874509465835087374e-01
1.000000000000000000e+00
8.882992934325734113e-01
9.749784170021219554e-01
1.000000000000000000e+00
9.996628294246483470e-01
9.881681785418100494e-01
9.995371032024205071e-01
9.882419970278749632e-01
9.984577205643551112e-01
9.993250807114965051e-01
1.000000000000000000e+00
9.965351949504623885e-01
9.958206939768196042e-01
1.000000000000000000e+00
9.862928864213308389e-01
9.669448502792917788e-01
1.000000000000000000e+00
9.943767399753239422e-01
9.972184172653135725e-01
9.004052729877131123e-01
9.703886705169062488e-01
9.860425243195519718e-01
9.976943562073313787e-01
9.315439042441505668e-01
9.818433949988758513e-01
1.000000000000000000e+00
9.821400567402588377e-01
1.000000000000000000e+00
1.000000000000000000e+00
1.000000000000000000e+00
1.000000000000000000e+00
1.000000000000000000e+00
1.000000000000000000e+00
9.915226298920909453e-01
9.967143505166619066e-01
9.766837917890952570e-01
9.898796403059846316e-01
9.973842323958115319e-01
9.985861419715234000e-01
9.980709419411609717e-01
9.975893500149740634e-01
9.590535165387664707e-01
9.795715598395843271e-01
9.815229180295195199e-01
9.976212178126117047e-01
9.370681988182361088e-01
9.659376604640730335e-01
9.621692334165725669e-01
9.993313277063844424e-01
9.530742159425907856e-01
9.775178746495942761e-01
9.788964077541132403e-01
9.998547133612331050e-01
9.776725694175603110e-01
9.421323125545028043e-01
9.999404674384755332e-01
9.985936558432908505e-01
9.109122151195673256e-01
9.778902612185862431e-01
1.000000000000000000e+00
9.370681988182361088e-01
9.109122151195673256e-01
9.997031165729433067e-01
9.984612185083424629e-01
9.984600389865713188e-01
9.983665906337753082e-01
9.982864539265601245e-01
9.788752422527323693e-01
9.912818268679620681e-01
9.650476671809894436e-01
9.895222919376931436e-01
9.964537733389989826e-01
9.957364491101424742e-01
9.815567389174095769e-01
9.972008334249866657e-01
9.680617573572056767e-01
9.886689100964353161e-01
9.873914108044605786e-01
9.886912645902184993e-01
9.109122151195673256e-01
9.847352504751025748e-01
9.902275740728354592e-01
9.927689574044221699e-01
9.916495551271143905e-01
9.914816647914598269e-01
9.364832759281238594e-01
9.560959398555053390e-01
9.861555201304277318e-01
9.953791652711273530e-01
9.832792674365492536e-01
9.836932549909428447e-01
9.720193786034538874e-01
9.939136821490608398e-01
9.832583274672660467e-01
9.655447308644943272e-01
9.840941384868853170e-01
9.942353062139702713e-01
9.650132977980733218e-01
9.966924165914676781e-01
9.772633874124910802e-01
9.923504612102170830e-01
9.984257054422553956e-01
9.998743497348261400e-01
9.998743497348261400e-01
9.713747227888918090e-01
9.999359409946881883e-01
9.985895383969660699e-01
9.998498263007937759e-01
9.697902587577672540e-01
9.693707472337229625e-01
9.591491259987870999e-01
9.982174049181493647e-01
1.000000000000000000e+00
9.228862243787155917e-01
9.980118347151143432e-01
9.980117421255549903e-01
9.994972304759760506e-01
9.975127747432095404e-01
9.381333456900968759e-01
9.974617055184248349e-01
1.000000000000000000e+00
9.998735912933955916e-01
9.988117475221609531e-01
9.996864306582079474e-01
9.883302436426747439e-01
9.999848385243138571e-01
1.000000000000000000e+00
9.999932601930964227e-01
9.964919115402758321e-01
9.985846324064088231e-01
9.228862243787155917e-01
9.971745415848490834e-01
9.963927584302020302e-01
9.845503931061003744e-01
9.807018394783334481e-01
9.975207548438030924e-01
9.624067819335451190e-01
9.978658661700188226e-01
9.701472611169261739e-01
9.986236864381515810e-01
9.965370148579991705e-01
9.808720676841692354e-01
9.965522865374404349e-01
9.935943604497401438e-01
1.000000000000000000e+00
1.000000000000000000e+00
9.998934428022557830e-01
9.920692537530687583e-01
9.653496895743629569e-01
9.314960581285028907e-01
9.659718756192413602e-01
9.961386693873139908e-01
9.526121917213544732e-01
9.771528092401120524e-01
1.000000000000000000e+00
9.963144509082411115e-01
9.975460572935417325e-01
9.896448373865128767e-01
1.000000000000000000e+00
9.727175672103187676e-01
1.000000000000000000e+00
1.000000000000000000e+00
9.944819337378987267e-01
9.973822223906341211e-01
1.000000000000000000e+00
9.916019708816448119e-01
9.961009174395990540e-01
9.370681988182361088e-01
1.000000000000000000e+00
9.963934870285570122e-01
1.000000000000000000e+00
9.946395136403701764e-01
9.937933284442332926e-01
9.929376036219607071e-01
9.521332643542271823e-01
9.968565191671283632e-01
9.964248815770198053e-01
9.859241750984045760e-01
9.880053721891297602e-01
9.999939813510816400e-01
1.000000000000000000e+00
9.933077373519851871e-01
9.960237704210890275e-01
9.960237704210890275e-01
9.960237704210890275e-01
9.966722198993720472e-01
9.957825695680283529e-01
1.000000000000000000e+00
1.000000000000000000e+00
9.562633245350917743e-01
9.930276663974090257e-01
9.948728169836053015e-01
9.967219226904192597e-01
9.985555038777447212e-01
9.995153178667841587e-01
9.958513576807378476e-01
9.920059476586148284e-01
9.610264172694393814e-01
9.935501756546181173e-01
9.858128382873118101e-01
9.962706202600030148e-01
9.745856418616255512e-01
9.463561909904886216e-01
9.538671564768567146e-01
9.895266228488545091e-01
9.944216581527105525e-01
9.370681988182361088e-01
9.506703419445070580e-01
9.849235760344051682e-01
9.999999894632878306e-01
9.982309684861079280e-01
9.584323150863209850e-01
9.980274526329492302e-01
9.395695304051152608e-01
9.922544829568636926e-01
9.937468258341082272e-01
9.867539020478331979e-01
9.742534165337788377e-01
9.741292412548151480e-01
9.497887493196061071e-01
9.497887493196061071e-01
9.478169073540948508e-01
9.920474465380871854e-01
1.000000000000000000e+00
9.225004555632089209e-01
9.999161081531025008e-01
9.979958055437120334e-01
9.370681988182361088e-01
9.370681988182361088e-01
9.933334732875882533e-01
9.979234412062160109e-01
1.000000000000000000e+00
9.995946104987090131e-01
9.637147549363626053e-01
9.970818581740176212e-01
9.984940948033845798e-01
9.991294815657144612e-01
9.994612838417361589e-01
9.973984725914933902e-01
9.482746101832270069e-01
9.975589440890535453e-01
9.958386717083670403e-01
1.000000000000000000e+00
9.858389181788554945e-01
9.370681988182361088e-01
9.969819378522226661e-01
1.000000000000000000e+00
9.999824687569408566e-01
9.995624598730957766e-01
9.848881274675451714e-01
9.575316055107851998e-01
9.521809864442605242e-01
9.646298309354182088e-01
1.000000000000000000e+00
9.734116788846881585e-01
1.000000000000000000e+00
9.999684324500842658e-01
9.578753414037520786e-01
1.000000000000000000e+00
1.000000000000000000e+00
9.757256754002021637e-01
9.907921912593720126e-01
9.903462543780283678e-01
9.849789773486664624e-01
9.955100574305786321e-01
9.999999894632878306e-01
9.999999894632878306e-01
9.974062649445115669e-01
9.370681988182361088e-01
9.751595367752691201e-01
9.996944195014918488e-01
1.000000000000000000e+00
9.370681988182361088e-01
9.985850861155912694e-01
1.000000000000000000e+00
1.000000000000000000e+00
9.999999894632878306e-01
1.000000000000000000e+00
9.370681988182361088e-01
9.674705550234365958e-01
9.700941547975944212e-01
9.740924066702829620e-01
9.873213817274775206e-01
9.370681988182361088e-01
9.465041827190180390e-01
1.000000000000000000e+00
9.858638727900884691e-01
1.000000000000000000e+00
1.000000000000000000e+00
9.462505341337325016e-01
9.997428985757769171e-01
9.999937649367669490e-01
9.709823520452188772e-01
1.000000000000000000e+00
1.000000000000000000e+00
9.239243892044146644e-01
1.000000000000000000e+00
9.892629247251315538e-01
9.622887924067416998e-01
9.883917264430525096e-01
9.964775016211437908e-01
9.999849099015172271e-01
1.000000000000000000e+00
9.412767485942734602e-01
9.962060331044786388e-01
9.999999894632878306e-01
9.109122151195673256e-01
1.000000000000000000e+00
9.928822078540635587e-01
9.970388599949464581e-01
9.999999894632878306e-01
1.000000000000000000e+00
1.000000000000000000e+00
9.970388599949464581e-01
9.786213035649308223e-01
9.863795890746033246e-01
9.949341980225849813e-01
9.999999894632878306e-01
1.000000000000000000e+00
9.370681988182361088e-01
1.000000000000000000e+00
9.880053721891297602e-01
1.000000000000000000e+00
1.000000000000000000e+00
8.907806962282309726e-01
9.370681988182361088e-01
9.751647225486289594e-01
9.974227569151140615e-01
9.999968311812695854e-01
9.082457759939798203e-01
9.932896440654807035e-01
9.957893804849762276e-01
9.946793330517151865e-01
1.000000000000000000e+00
8.907806962282309726e-01
9.970813246364090832e-01
9.228862243787155917e-01
9.946724950283065692e-01
9.970388599949464581e-01
9.961602474963874299e-01
1.000000000000000000e+00
9.990200545076464156e-01
9.979365085026489224e-01
9.879794916350582712e-01
9.999999894632878306e-01
9.370681988182361088e-01
1.000000000000000000e+00
9.981584290278493476e-01
9.995791739023949241e-01
9.983130186850784904e-01
9.370681988182361088e-01
9.982779083629372829e-01
9.999970027174522880e-01
9.370681988182361088e-01
9.958606527849487300e-01
9.370681988182361088e-01
1.000000000000000000e+00
9.370681988182361088e-01
9.999999894632878306e-01
9.904651573942631071e-01
9.985941314765683918e-01
9.465041827190180390e-01
9.966934326291420065e-01
9.405084866790539566e-01
9.370681988182361088e-01
9.966004985668530658e-01
9.971133857008465107e-01
9.954465385173402181e-01
9.943621445065373710e-01
9.987348838678585805e-01
9.946476243955819641e-01
9.885750185798276579e-01
9.782970306725371490e-01
9.639135307704173039e-01
9.789254088330531234e-01
9.403870377348128029e-01
9.743643695517776315e-01
9.853495135555998541e-01
9.850370765206416523e-01
9.774738818334156587e-01
9.937224238603902249e-01
9.754818262883900859e-01
9.273185251733654377e-01
9.555225753408627121e-01
9.198881983152611408e-01
8.860015209259795022e-01
9.262273419452121681e-01
9.509258784064958947e-01
9.277933685165219435e-01
9.954528556397794770e-01
8.858918233439272427e-01
9.547034472030918595e-01
9.880491875988069994e-01
9.612841764447241921e-01
9.657327386607987840e-01
9.887399379263663857e-01
9.794777933137711612e-01
9.689461449248418790e-01
9.866539399398681631e-01
9.370681988182361088e-01
9.072428187994067139e-01
9.669120308866929747e-01
9.260898011475624525e-01
9.209034990911971752e-01
9.695608541977971395e-01
9.370681988182361088e-01
9.846259905589941352e-01
9.979909326268469050e-01
9.979267610895726781e-01
9.943186319426098319e-01
9.702995218862476845e-01
9.895683040328584479e-01
9.975585374643863856e-01
9.879062481985175781e-01
9.999999894632878306e-01
8.998573679971003658e-01
9.815736261493355208e-01
9.965525241919558352e-01
9.440911194632422010e-01
9.904299820278700262e-01
9.850581378625754558e-01
9.952095422840975258e-01
9.850123231644608568e-01
9.815326957000944930e-01
9.923576289555156027e-01
1.000000000000000000e+00
9.716699968064089754e-01
1.000000000000000000e+00
9.971397280398895946e-01
9.957802936331238142e-01
9.098009815395039501e-01
9.999999894632878306e-01
1.000000000000000000e+00
9.999999894632878306e-01
9.370681988182361088e-01
9.370681988182361088e-01
1.000000000000000000e+00
1.000000000000000000e+00
1.000000000000000000e+00
9.716699968064089754e-01
1.000000000000000000e+00
9.370681988182361088e-01
1.000000000000000000e+00
9.956795801222052544e-01
1.000000000000000000e+00
9.864841234413119775e-01
9.952401985517644878e-01
9.787904323396382500e-01
9.961546524713466022e-01
1.000000000000000000e+00
1.000000000000000000e+00
9.995036973911058942e-01
1.000000000000000000e+00
1.000000000000000000e+00
1.000000000000000000e+00
9.880130751729018224e-01
9.620944778660371899e-01
9.880235467039696351e-01
9.751975330435816991e-01
1.000000000000000000e+00
9.999357482145732057e-01
1.000000000000000000e+00
1.000000000000000000e+00
9.999805586782178901e-01
9.634516850070909966e-01
9.985164815561952123e-01
9.991438977272752986e-01
9.936059523036284702e-01
1.000000000000000000e+00
9.918768184812830624e-01
9.938250790409760560e-01
9.815326957000944930e-01
9.598221668059208067e-01
9.831822862609794766e-01
9.980118670545798931e-01
9.910663884180010985e-01
9.985941792871000366e-01
1.000000000000000000e+00
1.000000000000000000e+00
9.921535819385405297e-01
9.405348910216727587e-01
9.936579794316705572e-01
9.589403633812396688e-01
9.926906616757966706e-01
9.936450177085269786e-01
9.937421900175957834e-01
9.938461932753187567e-01
9.972406141363001630e-01
9.571090126506536233e-01
9.870106426176865622e-01
9.865257983927046004e-01
9.920723034475931179e-01
9.636666822062691651e-01
9.761905442550622425e-01
9.775882742235395551e-01
9.845666747772846561e-01
9.930407175447656387e-01
9.862806333841578343e-01
9.943836119520199635e-01
9.913488712972537975e-01
9.985631854329564128e-01
9.934475986079647214e-01
9.985941945240544015e-01
9.999928486844982256e-01
1.000000000000000000e+00
1.000000000000000000e+00
9.993571457973311478e-01
9.985794606601964274e-01
9.985881276769755788e-01
9.555225753408627121e-01
9.892983755866223694e-01
9.952185767323459276e-01
9.829281706967286647e-01
9.431142956695444113e-01
9.505038539966746969e-01
9.932611673689235587e-01
1.000000000000000000e+00
9.323170559940474611e-01
1.000000000000000000e+00
9.925829577564836415e-01
9.816057562180869889e-01
9.674747583533137574e-01
9.499120027728216176e-01
8.643767301355215205e-01
9.481537573507143879e-01
9.234397364482835879e-01
9.427845512513448600e-01
9.740291955671961377e-01
9.848474195434878675e-01
9.620839835696656239e-01
9.921859428835869688e-01
9.932935016478332546e-01
9.999970189855529323e-01
9.669103290890184166e-01
9.686835816526704335e-01
1.000000000000000000e+00
9.891578514179946158e-01
9.999515236620459824e-01
1.000000000000000000e+00
9.985941879957498379e-01
9.985941879957498379e-01
1.000000000000000000e+00
9.985941944336290677e-01
9.577840452192567522e-01
1.000000000000000000e+00
9.977727221526050405e-01
1.000000000000000000e+00
1.000000000000000000e+00
9.984181246972984036e-01
9.890155151790339660e-01
9.939715818590607599e-01
9.969769662680141309e-01
9.875819195787006732e-01
1.000000000000000000e+00
9.896002329013711130e-01
9.999049502792702881e-01
9.998900993932030579e-01
9.968192644649681577e-01
9.687582338414368888e-01
9.667925061437665502e-01
1.000000000000000000e+00
9.932408003785628825e-01
9.801475214158186233e-01
9.228862243787155917e-01
9.999822845873262978e-01
9.985919873223568777e-01
9.985938438244548188e-01
9.999090273064505929e-01
9.579485486157790497e-01
9.997877159857996299e-01
9.448444157581492586e-01
9.829909584923280930e-01
9.228862243787155917e-01
9.627784095768247008e-01
9.228862243787155917e-01
9.451677138374573461e-01
9.420859398263843332e-01
1.000000000000000000e+00
9.370681988182361088e-01
9.373726475643787692e-01
9.630626517181202217e-01
1.000000000000000000e+00
9.997895367077480611e-01
1.000000000000000000e+00
8.984038913818863659e-01
9.149892653566847889e-01
1.000000000000000000e+00
1.000000000000000000e+00
1.000000000000000000e+00
1.000000000000000000e+00
9.980184457640939311e-01
9.962015747878720795e-01
9.979408306505486159e-01
9.979841178514234912e-01
9.981986166264188443e-01
9.969968918137475100e-01
9.956423432181079614e-01
9.956423432181079614e-01
9.420566912310912588e-01
9.997444159888634330e-01
9.997068390375899449e-01
9.420658346148211848e-01
9.980116845036560713e-01
9.420624800615811090e-01
9.968752651190054825e-01
9.964566162582279008e-01
9.821210510483645573e-01
9.989595485440710965e-01
9.600594594984924735e-01
9.982283768565566318e-01
9.740369926828807978e-01
9.999647480757036799e-01
9.606006057844639345e-01
1.000000000000000000e+00
9.998435650331904956e-01
9.997580389391943489e-01
9.928629944066117430e-01
9.978335254178805069e-01
9.745777346913183647e-01
9.971145626790649530e-01
9.914966295177745081e-01
9.900432801893807033e-01
9.915094192261386663e-01
1.000000000000000000e+00
9.974936740502579058e-01
9.984812494750513467e-01
9.969548266229181221e-01
9.951779745212578909e-01
1.000000000000000000e+00
9.914658314822106799e-01
9.452982632614499447e-01
9.582184051934202751e-01
9.999849859246545680e-01
9.484787425603712352e-01
9.948168067929055169e-01
9.490158858066720660e-01
9.921641982267227489e-01
9.999247276489087177e-01
9.995380792629932065e-01
1.000000000000000000e+00
9.999497862329216336e-01
9.999403712695699165e-01
9.370681988182361088e-01
9.916910190645240597e-01
9.857629006714079267e-01
9.611434052433390773e-01
9.999036941398935507e-01
1.000000000000000000e+00
9.691554222787809314e-01
9.581171042949933048e-01
1.000000000000000000e+00
9.370681988182361088e-01
9.555225753408627121e-01
9.235365850654890796e-01
9.848077888437545280e-01
1.000000000000000000e+00
9.882397649711669452e-01
9.951894823277517288e-01
9.979839409071054046e-01
1.000000000000000000e+00
9.638168270526281667e-01
9.940050538550716519e-01
9.946582427614683031e-01
1.000000000000000000e+00
9.967000001047836566e-01
9.828236328080618422e-01
1.000000000000000000e+00
1.000000000000000000e+00
1.000000000000000000e+00
1.000000000000000000e+00
9.589645161698197029e-01
9.989962239741043692e-01
9.996888899335668599e-01
9.882242937540443029e-01
1.000000000000000000e+00
9.985826233512448136e-01
1.000000000000000000e+00
1.000000000000000000e+00
1.000000000000000000e+00
9.985921724494605245e-01
9.451610154920003781e-01
1.000000000000000000e+00
1.000000000000000000e+00
1.000000000000000000e+00
9.370681988182361088e-01
9.913676368683909113e-01
9.999909136328329895e-01
9.756517207698303107e-01
9.899926887276194742e-01
9.565541228686396114e-01
1.000000000000000000e+00
9.985941896496199899e-01
1.000000000000000000e+00
9.981905458416435728e-01
9.900213821929115809e-01
9.900213821929115809e-01
1.000000000000000000e+00
9.999940081673001080e-01
1.000000000000000000e+00
9.999933945402934565e-01
9.980885960621203035e-01
9.980885960621203035e-01
1.000000000000000000e+00
9.980754363166414178e-01
8.954299136850578655e-01
9.003469385799517388e-01
1.000000000000000000e+00
9.999850203672957516e-01
9.899752913763146811e-01
9.985941944649028290e-01
1.000000000000000000e+00
1.000000000000000000e+00
9.706258701869928673e-01
9.999849855031712753e-01
9.948867999179347166e-01
9.749927627484363812e-01
9.998798790467714470e-01
9.872488569034774120e-01
9.913209997469124568e-01
9.997146941221022320e-01
9.996693799545232073e-01
9.964588909822236218e-01
9.983897078284027504e-01
9.994393744231498955e-01
9.990631559487473945e-01
1.000000000000000000e+00
9.956171036361607385e-01
9.968501436079989508e-01
9.957085147428478278e-01
9.869892476617816435e-01
9.386162207257416901e-01
9.996729592828325073e-01
9.947223401525732145e-01
9.941073043334018866e-01
9.109122151195673256e-01
1.000000000000000000e+00
1.000000000000000000e+00
9.935342464586398581e-01
9.478797999170142097e-01
1.000000000000000000e+00
1.000000000000000000e+00
9.838842247235771721e-01
9.979946246906228335e-01
1.000000000000000000e+00
1.000000000000000000e+00
9.985941889510566716e-01
9.981881391373903512e-01
9.971857854317348613e-01
9.370681988182361088e-01
9.982095488848189424e-01
9.971809322903195660e-01
9.994898321176276523e-01
9.890995553991261957e-01
9.414609517943640649e-01
9.954631861092170242e-01
9.952584733434880482e-01
9.894766585043763829e-01
9.975627222148820694e-01
9.912825334540684707e-01
9.930225878251662808e-01
9.743272428595366463e-01
9.804793282735557725e-01
9.699350796972082689e-01
9.706055767668105849e-01
9.702847635677430693e-01
9.612565903306279358e-01
9.915839194003921442e-01
9.832402316705199929e-01
9.889471743028805939e-01
9.890377094087247078e-01
9.537340434310717097e-01
9.792784078334142439e-01
9.984927437919663973e-01
9.353840000900272011e-01
9.942420165647813945e-01
9.786532151173953364e-01
9.938792953849543421e-01
9.192826184444904403e-01
9.919997941751289572e-01
9.913978336963342741e-01
9.815575015649289359e-01
9.814051541638582066e-01
9.862165206084936298e-01
9.975892596593929351e-01
9.370681988182361088e-01
9.870050048350716976e-01
9.791171153542574945e-01
9.922843209254017527e-01
9.974269803598486694e-01
9.378837221615888842e-01
9.938809582733750814e-01
9.955181950446776451e-01
9.906497905375988289e-01
9.939410807565891570e-01
9.784911362891751674e-01
9.370681988182361088e-01
9.960877717065023118e-01
9.370681988182361088e-01
9.727740170158515332e-01
9.866671156870897574e-01
9.957799400078958252e-01
9.666595116965508439e-01
9.779042825634221003e-01
9.857023453628399601e-01
9.704247622765972414e-01
9.927384662259913783e-01
9.942412537907954206e-01
9.914752686172806362e-01
9.961958095394413126e-01
9.891288006294435275e-01
9.532280947511359015e-01
9.855186295122370099e-01
9.801225153691229819e-01
9.974066462110204867e-01
8.565116375486723221e-01
9.712598734108711662e-01
9.875447804532156981e-01
9.407203279718812095e-01
9.838992327012922035e-01
9.999688135249542587e-01
9.835105713008763795e-01
9.887623201176153342e-01
9.357994905549786857e-01
9.727860213513445098e-01
7.394210636780553791e-01
9.819965359218306711e-01
9.650105108067131843e-01
9.662017760107830533e-01
9.642540444770273389e-01
9.968159268748333357e-01
1.000000000000000000e+00
9.553500084119367353e-01
9.361491635002345824e-01
9.999483432038120956e-01
1.000000000000000000e+00
9.992841293487227938e-01
9.994728781577142396e-01
9.842138414535225310e-01
9.448072854338342985e-01
9.997827136553796290e-01
9.994583739437400416e-01
1.000000000000000000e+00
9.989685865178921098e-01
9.753647446104252161e-01
9.751141476089176807e-01
9.313149850689674825e-01
9.977232840724700180e-01
9.970974113480383094e-01
9.618849692595077272e-01
9.665182271236366640e-01
9.316461494113190689e-01
9.965218686962256101e-01
9.744194547762768943e-01
9.958607064720799151e-01
9.939767132077176326e-01
9.948178867930380642e-01
9.933781801143946044e-01
9.913900743807081417e-01
9.928058767286551678e-01
9.918774104183137874e-01
1.000000000000000000e+00
9.943111173988080642e-01
9.925985701178818843e-01
5.912390081376421858e-01
9.531266610175761489e-01
7.078145502010224632e-01
9.137884939527745054e-01
9.913547237660744749e-01
9.391028953426586723e-01
9.662217953629123057e-01
9.976063947476685456e-01
9.370681988182361088e-01
9.975570251223200291e-01
9.975570251223200291e-01
9.726743856612027894e-01
9.981228171332657828e-01
9.283312382668109652e-01
9.485190346808896056e-01
9.967933716066317285e-01
9.897438151164769105e-01
9.964065903926699885e-01
9.554198428586013758e-01
9.662309605417856995e-01
9.914811603638306048e-01
9.861347012683012725e-01
9.899602991224887294e-01
9.951563676599318731e-01
9.491521445745735308e-01
9.965910819799700393e-01
9.852795541184519168e-01
9.914978057059139482e-01
9.552238841870644981e-01
9.913334973015692775e-01
9.985066422891202276e-01
9.865108433428935175e-01
9.946525360921774084e-01
9.990921573441177150e-01
9.942799295330484455e-01
9.954042989798849161e-01
1.000000000000000000e+00
9.513132633367111790e-01
9.999886356882514704e-01
9.934067526583260088e-01
9.871919917259974753e-01
9.972968683843093096e-01
9.905693711133333190e-01
9.979573311715687067e-01
9.985556652178115833e-01
9.843786938545032728e-01
9.974739233808943561e-01
9.999883682620002157e-01
9.969040853429324001e-01
9.187027808209270452e-01
9.910770937730072339e-01
9.973574290879083648e-01
9.709154725925080998e-01
9.882252048746944517e-01
9.747099135918544377e-01
9.559700323412693157e-01
9.954374952639113427e-01
9.503410397142167954e-01
9.927982061801469138e-01
9.930440070510222483e-01
9.945593416803969466e-01
9.950528263404703200e-01
9.934809266329247546e-01
9.487070736794600556e-01
9.958706468079562280e-01
9.736088555826728497e-01
9.978191425782994006e-01
9.963231708951886256e-01
9.970344600801576140e-01
1.000000000000000000e+00
1.000000000000000000e+00
9.983589357359987648e-01
1.000000000000000000e+00
1.000000000000000000e+00
1.000000000000000000e+00
9.926537290752600606e-01
9.852362861237099478e-01
9.743113535501077838e-01
1.000000000000000000e+00
9.199507510581110825e-01
9.413519669685335156e-01
9.865153897442390241e-01
1.000000000000000000e+00
9.976540166619585204e-01
9.980636670745155481e-01
9.978309726167468030e-01
1.000000000000000000e+00
9.869727758316149124e-01
9.714233817461416232e-01
9.936321505771682494e-01
9.830900324356091069e-01
9.985920881274734651e-01
9.998543951751059922e-01
9.370681988182361088e-01
9.888414301686051511e-01
9.770242314278521079e-01
9.999924555522414771e-01
9.370681988182361088e-01
9.991155452155220384e-01
9.971557306981612134e-01
9.776552394553150727e-01
1.000000000000000000e+00
9.370681988182361088e-01
9.728596928375538022e-01
9.742787888960702247e-01
9.902339587024981959e-01
9.999999894632878306e-01
9.993416900272137360e-01
9.985285277323906472e-01
9.818527734169991694e-01
9.999999894632878306e-01
9.430926600063357368e-01
9.999999894632878306e-01
9.922486313927734169e-01
9.443929133476064441e-01
9.326069857417812470e-01
1.000000000000000000e+00
9.948395832716583342e-01
9.766533146571252377e-01
9.738035587520759151e-01
9.935138753210258633e-01
1.000000000000000000e+00
9.922846397734331747e-01
1.000000000000000000e+00
9.999192959589131569e-01
9.370681988182361088e-01
1.000000000000000000e+00
1.000000000000000000e+00
9.586646110239471774e-01
9.999677196134395540e-01
9.370681988182361088e-01
9.999741758211878606e-01
9.764804236670128201e-01
9.999778708725448606e-01
1.000000000000000000e+00
9.646122925531647185e-01
9.818997695767778255e-01
9.966213740870291105e-01
9.583259289650418733e-01
9.370681988182361088e-01
1.000000000000000000e+00
9.897689717252403652e-01
9.370681988182361088e-01
9.995398262116421684e-01
9.950642226035621984e-01
9.337648609038757819e-01
9.990506107104759614e-01
9.999999894632878306e-01
9.389839545253115816e-01
9.999999894632878306e-01
9.903379430707169861e-01
9.971883866578385991e-01
9.999737110827250364e-01
9.815914590099558135e-01
9.872665963369208209e-01
9.923932946160698432e-01
9.687944204531723225e-01
1.000000000000000000e+00
9.985906599272358353e-01
9.984328184308450815e-01
9.986604197727971810e-01
9.999999894632878306e-01
9.999740424851480958e-01
9.999999894632878306e-01
9.977194685343628855e-01
9.999999894632878306e-01
9.999715130775217453e-01
9.985224023410256278e-01
9.997875969702864074e-01
9.999999894632878306e-01
1.000000000000000000e+00
9.999999894632878306e-01
9.999999894632878306e-01
9.848633146587660869e-01
9.370681988182361088e-01
9.557305361465920912e-01
9.999999894632878306e-01
9.999999894632878306e-01
9.561391991856361683e-01
9.968949258013017900e-01
9.099041756634788092e-01
9.993041612357552728e-01
9.999999894632878306e-01
9.999999894632878306e-01
9.909292630544840330e-01
9.993041612357552728e-01
9.684251220679410688e-01
9.968428795058078551e-01
9.999999894632878306e-01
9.968012464537311379e-01
9.999999894632878306e-01
9.999999894632878306e-01
9.913443552386828062e-01
9.999999894632878306e-01
9.999999894632878306e-01
9.583260367869650409e-01
9.934664964788055830e-01
9.999999894632878306e-01
9.386162207257425782e-01
9.999999894632878306e-01
9.999999894632878306e-01
9.964113929218205712e-01
9.612045723065921754e-01
9.687918992226430825e-01
9.999999894632878306e-01
1.000000000000000000e+00
9.884018234775926448e-01
9.832377446588965730e-01
9.998023715361150643e-01
9.763814287328139718e-01
9.207749096332307204e-01
9.979375076585274007e-01
9.992588902989070210e-01
9.997009587338477887e-01
9.997009587338477887e-01
9.961248792510951633e-01
9.899585396547341265e-01
9.952031536192020855e-01
9.935458347171827187e-01
9.935458347171827187e-01
9.895267227749057204e-01
