9.370681988182361088e-01
9.966502477109233649e-01
9.611206035433725869e-01
9.963592783464086944e-01
9.996562390763359396e-01
9.400053078781550608e-01
9.688637695369655134e-01
9.874290060009325298e-01
9.754993526932845826e-01
9.365213790430007013e-01
8.660312730786098312e-01
9.228862243787155917e-01
9.769875997404801060e-01
9.869166525571511084e-01
8.702406464182841361e-01
9.952678172301794302e-01
9.983809307385399512e-01
9.745262508213619057e-01
9.842453225040764808e-01
9.695015330077639826e-01
9.346808076990390513e-01
9.048728081863690598e-01
9.595495854783459011e-01
9.370681988182361088e-01
9.370681988182361088e-01
9.717698940589749590e-01
9.370681988182361088e-01
9.562376916528356752e-01
9.916794937801179932e-01
9.222672507537398312e-01
9.502156045022065456e-01
9.862173794860958909e-01
9.756348070991225363e-01
9.370681988182361088e-01
9.769055632623859786e-01
9.489459545327638690e-01
7.694062876762970404e-01
9.874909538668780185e-01
9.777645047001845002e-01
9.685932721084935526e-01
9.228862243787155917e-01
9.857847045999228452e-01
9.707588390728880690e-01
9.039010877404831668e-01
9.291009505970253546e-01
9.247315099448657483e-01
9.574788371292802802e-01
9.657716785422536532e-01
9.537498500231630372e-01
9.775722722578589208e-01
6.801803470621066161e-01
9.735708204046021885e-01
9.670462108531053813e-01
8.431100087958867118e-01
9.982356945846747598e-01
9.667980150033783637e-01
9.389634450523829390e-01
9.981453491491782959e-01
9.384148294195802098e-01
9.228862243787155917e-01
9.760340688569694167e-01
9.193429127432917181e-01
9.907358263419946409e-01
9.781538467156287719e-01
9.679236891902257556e-01
9.780379928118188015e-01
9.985890848476849380e-01
9.985885321061586106e-01
9.599260277310721623e-01
8.963693239175513083e-01
9.814319772757325033e-01
9.370681988182361088e-01
9.003469385799517388e-01
9.957929905931145464e-01
8.359630278856278185e-01
9.637290814526734417e-01
9.599138646032905342e-01
9.880127570226279188e-01
8.736012141378727280e-01
7.955570367027117173e-01
9.895434712564634694e-01
9.524761407089642473e-01
9.945660199277933655e-01
9.703390290047207989e-01
9.912425920207642571e-01
9.350148721104150074e-01
9.772160234772755416e-01
9.370681988182361088e-01
9.860432804780860927e-01
9.748242007254517283e-01
9.474392320123146138e-01
9.763160707193380139e-01
9.436880506584174322e-01
9.301750637690524570e-01
9.419814722455794875e-01
9.732559546419294882e-01
9.370681988182361088e-01
9.674822487465835064e-01
7.596366219182820734e-01
9.339829055167869765e-01
9.998665684317761260e-01
9.747611236908531041e-01
9.278690716884983036e-01
9.907218340004186885e-01
9.370681988182361088e-01
9.674892706182129931e-01
9.542411751598836034e-01
9.775048352282174058e-01
9.724811323517785766e-01
9.489192153544913078e-01
9.924420807391539645e-01
9.611412091027977667e-01
9.826226861718749817e-01
9.555225753408627121e-01
9.944843658479159965e-01
9.555225753408627121e-01
9.878566931511634230e-01
9.790927198396010001e-01
9.492028869849816752e-01
9.358193513710867384e-01
9.855771993945346976e-01
9.837493212016432675e-01
9.872753894321079082e-01
9.312631803174510337e-01
9.500677792734907312e-01
7.903588993241658089e-01
7.906521407812647784e-01
8.016096814367947854e-01
9.370681988182361088e-01
9.352387885450441640e-01
9.798631314125231251e-01
9.370681988182361088e-01
9.766418453857602655e-01
9.602305518623206471e-01
9.301510068406002585e-01
9.615884013524498286e-01
1.000000000000000000e+00
9.650553599152144058e-01
9.214126845443980640e-01
9.619889167076921543e-01
9.370681988182361088e-01
9.650155792628543061e-01
9.329356869000624553e-01
9.906966540682812239e-01
9.593142733223740670e-01
9.492131289098121316e-01
9.457751315709849171e-01
8.272539925669462058e-01
9.608743566501725120e-01
9.567878183923563817e-01
9.752178486707847593e-01
9.289194137603105084e-01
9.730979985711537550e-01
9.202370034539036903e-01
9.472517292914628406e-01
8.774132019667315596e-01
9.535955028740967787e-01
9.863507592047224826e-01
9.504277271667614935e-01
9.855256049234311089e-01
9.825987951846307800e-01
7.161861712985619910e-01
9.228862243787155917e-01
9.946964639987433410e-01
9.927361368339464587e-01
9.085756153018591519e-01
9.520616643603996287e-01
9.472943832837620315e-01
9.393290401012566182e-01
9.453809840648822460e-01
9.803471130765281094e-01
9.993726529629275435e-01
9.999400660569933708e-01
9.662176636088303239e-01
9.921559453398562933e-01
9.678728584605142959e-01
9.979756716970412667e-01
9.857487872754583380e-01
9.787709943765791065e-01
9.723076077690301355e-01
9.370681988182361088e-01
9.969565305539387357e-01
1.000000000000000000e+00
9.928861315645988173e-01
9.824065192218947029e-01
9.978081983582683945e-01
9.586466380505657137e-01
9.876258823287721311e-01
9.985026447190872290e-01
9.999553739490676385e-01
9.999877753430983507e-01
9.461366316417667566e-01
9.326059500843599803e-01
9.816980738166479759e-01
9.228862243787155917e-01
9.851318604784790045e-01
9.908980814627336153e-01
9.985894085080395666e-01
9.370681988182361088e-01
9.601830599683388590e-01
9.926393049907659138e-01
9.942228494537854733e-01
9.962383708588790077e-01
9.959403697307476211e-01
9.109122151195673256e-01
9.710125203096857671e-01
9.603701842033084413e-01
9.204987214139841445e-01
9.518471994139277026e-01
9.865530369184450921e-01
9.999881658415135099e-01
9.999885167867633706e-01
9.832239561540365713e-01
9.543206737386293881e-01
1.000000000000000000e+00
9.926527005070772125e-01
9.109122151195673256e-01
9.569277064760761675e-01
9.967674099652533704e-01
9.228862243787155917e-01
9.370681988182361088e-01
9.231333152048869506e-01
9.792707796572356349e-01
9.370681988182361088e-01
9.122566849069677630e-01
1.000000000000000000e+00
9.878295505322483017e-01
9.946726675611603508e-01
9.370681988182361088e-01
9.221038106707222237e-01
9.177928638312413678e-01
9.928191565743111902e-01
8.709632730654762733e-01
9.890458451139075846e-01
9.951752587036714059e-01
9.964348689779711776e-01
9.995567610036963924e-01
9.958640165948937639e-01
9.946964639987433410e-01
9.370681988182361088e-01
9.273255557446460351e-01
9.437646114806261810e-01
9.635051655604160992e-01
9.908896079566731352e-01
9.935689986345341840e-01
9.958424451705834013e-01
9.370681988182361088e-01
9.865401060325201810e-01
9.370681988182361088e-01
9.932579247587050020e-01
9.669395532257798465e-01
9.412736573760706049e-01
9.955218665656698773e-01
9.995187659237045885e-01
9.228862243787155917e-01
9.955791310639834357e-01
9.985224553281597526e-01
1.000000000000000000e+00
9.979335478753869060e-01
9.927011636682789852e-01
9.769868746308704166e-01
9.590980134708767535e-01
9.513604085266704757e-01
9.901237811051395443e-01
9.902155278606769029e-01
9.513887642361299468e-01
9.960571990954968369e-01
9.998924296923703547e-01
9.596972915435353357e-01
7.762973180009167251e-01
9.582840045791207739e-01
9.816617871161384956e-01
9.555056789478975077e-01
9.985893965242050863e-01
9.938651936691105249e-01
9.981692489939227864e-01
9.999540631252477052e-01
9.477922613411474684e-01
9.865849118735521284e-01
9.918675255317934703e-01
9.807474375947842216e-01
9.879406778716787185e-01
9.931522952924298764e-01
1.000000000000000000e+00
9.661048483112497642e-01
9.818876058606627044e-01
9.563125294991082770e-01
9.478589634125860197e-01
9.555225753408627121e-01
1.000000000000000000e+00
9.992979504365807619e-01
9.926346453316027274e-01
9.926951312470162492e-01
9.656550223786076748e-01
9.988118227039299857e-01
9.899836605267789968e-01
9.940595253287906052e-01
9.999861813561250479e-01
9.970492455668551468e-01
9.706503601254582447e-01
9.670257370343322556e-01
9.808311744854618652e-01
9.370681988182361088e-01
9.377343407833472755e-01
9.370681988182361088e-01
9.370681988182361088e-01
9.628244238469040317e-01
9.904964037384971220e-01
9.390544004918975896e-01
9.483541387961712532e-01
9.724989318697575547e-01
9.996871005478713546e-01
1.000000000000000000e+00
9.996422204561863367e-01
9.796953796403589099e-01
9.951449783646425518e-01
9.901879035246095029e-01
9.578766072877433757e-01
1.000000000000000000e+00
9.635196603225495426e-01
9.370681988182361088e-01
9.849596814276053713e-01
9.370681988182361088e-01
9.955402365797361153e-01
9.899077877089180744e-01
9.193894747544895107e-01
9.954823934618328707e-01
9.556598158128857268e-01
9.521033741293961628e-01
9.985267869101683846e-01
9.994368121310850395e-01
9.843427056520733798e-01
9.746291487026561562e-01
9.875169974906747861e-01
9.693946869771903341e-01
9.886672930631101863e-01
9.937689860649726592e-01
9.547840804785135971e-01
9.994925717312798108e-01
9.462024020027288707e-01
9.164602013233575928e-01
9.370681988182361088e-01
9.862835776069515115e-01
9.945265030097512060e-01
9.836872347546589124e-01
9.949585039389772234e-01
9.003469385799517388e-01
9.928240956234616332e-01
9.991833993404105607e-01
9.594970137497026430e-01
9.443666709486937538e-01
9.921809757570383415e-01
9.862323798768103389e-01
9.657257836214097058e-01
9.716049551339417389e-01
9.908832341849312941e-01
9.228862243787155917e-01
9.924549887720088837e-01
9.382318626358899794e-01
9.904734745866472512e-01
1.000000000000000000e+00
9.596699335447590462e-01
9.899602991224887294e-01
9.922280157122014277e-01
9.907016867833723373e-01
9.426893359451348209e-01
9.979733150236089756e-01
1.000000000000000000e+00
9.999922232568557723e-01
9.999888416765800869e-01
9.980112227015450754e-01
9.006048435937856755e-01
9.837011315049513094e-01
9.998763625058951776e-01
1.000000000000000000e+00
9.918941896874272635e-01
9.873601219861249945e-01
9.633684234612911457e-01
9.228862243787155917e-01
9.228862243787155917e-01
9.875029549852368804e-01
9.987571074320438225e-01
1.000000000000000000e+00
9.370681988182361088e-01
9.936881489406972356e-01
9.960969991968871007e-01
9.761823592706602160e-01
1.000000000000000000e+00
9.985775614609705420e-01
1.000000000000000000e+00
9.861060270446084797e-01
9.900229411671180868e-01
1.000000000000000000e+00
1.000000000000000000e+00
1.000000000000000000e+00
1.000000000000000000e+00
9.971589861269355426e-01
9.975650726231235499e-01
9.870014853815541889e-01
1.000000000000000000e+00
1.000000000000000000e+00
1.000000000000000000e+00
1.000000000000000000e+00
1.000000000000000000e+00
1.000000000000000000e+00
1.000000000000000000e+00
9.964648609244390887e-01
9.960667402930518666e-01
1.000000000000000000e+00
8.777885134106552245e-01
9.790848064153094832e-01
9.824860624466011938e-01
9.960969991968871007e-01
1.000000000000000000e+00
9.504955904555832946e-01
1.000000000000000000e+00
9.928170545635250921e-01
9.999569606611332651e-01
9.782637216007811221e-01
9.960667402930518666e-01
9.968942110709974047e-01
1.000000000000000000e+00
9.109122151195673256e-01
9.161830250496010297e-01
1.000000000000000000e+00
9.999641347437094874e-01
9.533627008738665420e-01
9.761815896284619098e-01
1.000000000000000000e+00
1.000000000000000000e+00
1.000000000000000000e+00
9.999999894632878306e-01
1.000000000000000000e+00
9.370681988182361088e-01
1.000000000000000000e+00
9.300755866149812423e-01
1.000000000000000000e+00
1.000000000000000000e+00
1.000000000000000000e+00
9.790848064153094832e-01
9.957954501834201944e-01
1.000000000000000000e+00
9.996239701634732633e-01
9.999498031786225871e-01
9.984822107543227521e-01
9.926609377028039471e-01
9.999610785320760531e-01
9.370681988182361088e-01
1.000000000000000000e+00
1.000000000000000000e+00
9.616083727942716930e-01
9.992785924573610590e-01
9.430600242091936591e-01
1.000000000000000000e+00
1.000000000000000000e+00
9.370681988182361088e-01
9.961885275488562286e-01
9.627272729618298053e-01
9.881545522257735303e-01
9.960070008407354569e-01
9.962805796438315431e-01
7.465775695148193503e-01
9.883541033930965947e-01
9.963443413906889479e-01
9.959168616926407092e-01
9.496130495550816342e-01
9.998637903691733886e-01
9.985358815431571999e-01
9.964937334959216297e-01
9.388087844250943004e-01
9.946922617134735800e-01
9.610923426330018060e-01
9.957638075686552348e-01
1.000000000000000000e+00
9.948776142254115440e-01
9.993644241926950000e-01
9.933291592336073172e-01
9.999572640931800871e-01
9.985101533861913126e-01
9.969518533948803496e-01
1.000000000000000000e+00
9.370681988182361088e-01
9.424973219661230139e-01
9.365502983557466576e-01
9.999999894632878306e-01
1.000000000000000000e+00
1.000000000000000000e+00
9.985741443487846647e-01
9.999999894632878306e-01
9.999999894632878306e-01
9.999723734199491565e-01
9.999033291724042094e-01
9.996074528948881710e-01
9.370681988182361088e-01
9.808256286031576954e-01
9.984866038041327885e-01
9.999026853465202702e-01
9.994498395689767056e-01
9.977854858147351402e-01
9.995378709093979408e-01
9.992969199405399294e-01
1.000000000000000000e+00
1.000000000000000000e+00
8.821741576504875670e-01
9.523603680725412080e-01
1.000000000000000000e+00
1.000000000000000000e+00
1.000000000000000000e+00
1.000000000000000000e+00
9.020429178664690628e-01
9.780024719799813582e-01
8.428769570794798494e-01
9.645148694640007792e-01
9.928835802878995809e-01
1.000000000000000000e+00
9.756337967021203594e-01
9.973685678460791904e-01
9.421404198119255335e-01
9.421543098045854769e-01
9.873427472827881468e-01
9.972979183349379717e-01
9.593588179219177947e-01
1.000000000000000000e+00
1.000000000000000000e+00
9.885457093612554091e-01
9.540258040387490368e-01
9.999945631790634337e-01
9.923218035413882143e-01
1.000000000000000000e+00
9.999777218594981809e-01
9.228862243787155917e-01
9.913326569749678630e-01
9.990966451246758862e-01
9.954742242524275975e-01
9.879731245236635928e-01
1.000000000000000000e+00
9.228862243787155917e-01
9.953516829793449538e-01
1.000000000000000000e+00
9.395008074505024620e-01
1.000000000000000000e+00
1.000000000000000000e+00
1.000000000000000000e+00
9.856080036647568710e-01
9.999940918352177022e-01
9.635027770885320475e-01
9.980113642453606326e-01
1.000000000000000000e+00
9.999510736023548008e-01
9.980118884666340229e-01
9.934378854487825317e-01
9.999763673972448252e-01
9.370681988182361088e-01
9.592403095906064658e-01
7.677441154290489678e-01
7.677261657135437956e-01
9.749975903660053067e-01
9.996388794778960918e-01
9.985452939463308475e-01
9.971080028348650037e-01
9.932788024948493444e-01
9.985447159337621503e-01
9.975645360682284801e-01
9.999956110704557588e-01
9.370681988182361088e-01
9.941231646318339221e-01
1.000000000000000000e+00
9.985941881195018466e-01
9.618224354552037392e-01
9.999999894632878306e-01
9.999999894632878306e-01
9.997731832647869243e-01
9.999488907744297217e-01
9.733111495403619084e-01
9.838919152959478831e-01
9.419542206789529581e-01
9.996091758233671687e-01
9.999999894632878306e-01
9.923903900978909842e-01
9.813590293477257864e-01
9.816664661615973619e-01
9.370681988182361088e-01
1.000000000000000000e+00
9.716568062662882532e-01
9.993799390759702250e-01
9.421827535316762425e-01
9.970051325269555509e-01
9.660327044666872087e-01
9.456559562121781282e-01
9.877704256979511488e-01
9.629990601578252152e-01
9.999315854194443798e-01
9.876723471376741559e-01
9.311615819486321888e-01
9.966612138068949855e-01
9.894111954829871713e-01
9.999965606873919555e-01
1.000000000000000000e+00
9.872625608544405296e-01
9.922986836102467567e-01
1.000000000000000000e+00
9.476729125890234195e-01
9.999775972203971408e-01
9.370681988182361088e-01
9.999216143525403444e-01
8.903439647495925424e-01
9.370681988182361088e-01
9.292789786498538707e-01
9.958486621360916891e-01
9.683165006876652825e-01
9.877447210144945089e-01
5.730331056639280662e-01
1.000000000000000000e+00
9.687238763623045035e-01
9.585168920127775660e-01
9.644445206887783950e-01
9.352472959659486884e-01
9.883046135970269264e-01
9.999415297441257566e-01
9.228862243787155917e-01
9.950228245248083914e-01
9.864422951901422598e-01
9.879970038954000167e-01
9.624525722515504533e-01
9.716355180697617833e-01
9.736188308898964250e-01
9.999999894632878306e-01
9.809515462574092126e-01
1.000000000000000000e+00
1.000000000000000000e+00
1.000000000000000000e+00
9.993629916813463465e-01
9.999116463074293470e-01
1.000000000000000000e+00
9.874031829136067362e-01
9.562633245350917743e-01
1.000000000000000000e+00
9.984623949611554083e-01
9.965534457599960483e-01
9.966140614360371464e-01
9.641477594333165424e-01
1.000000000000000000e+00
1.000000000000000000e+00
9.765371303983834128e-01
9.985558936487498594e-01
1.000000000000000000e+00
9.679266645513440182e-01
9.989086650092781072e-01
1.000000000000000000e+00
9.961088561569316768e-01
8.773624122116236990e-01
9.981091390034535493e-01
9.212532879464088165e-01
9.735947075871191903e-01
1.000000000000000000e+00
9.894181315694470236e-01
9.698549484321632441e-01
1.000000000000000000e+00
1.000000000000000000e+00
9.985941945657133001e-01
9.639612518596322177e-01
1.000000000000000000e+00
1.000000000000000000e+00
9.894896561914434674e-01
9.448322978657356375e-01
9.881783477051800935e-01
9.995282620350056657e-01
1.000000000000000000e+00
1.000000000000000000e+00
9.646364668955034194e-01
1.000000000000000000e+00
9.967340775837670863e-01
9.998499025212412850e-01
9.951248071070116774e-01
9.583328857270722034e-01
1.000000000000000000e+00
9.959489641730621123e-01
9.806715864490220813e-01
9.999848151025765297e-01
9.723798737027975481e-01
1.000000000000000000e+00
9.686738314446897702e-01
1.000000000000000000e+00
9.823236213987355248e-01
9.984672483046280744e-01
9.958045553385270754e-01
9.971295102361360518e-01
9.431543416760489462e-01
9.846089453052930818e-01
1.000000000000000000e+00
9.801306030957740445e-01
9.771524374046344219e-01
9.777622034501258774e-01
9.933989174727649862e-01
1.000000000000000000e+00
9.595610032883699070e-01
9.683075765700858151e-01
9.448441363168762486e-01
9.444159517978130136e-01
9.211047767988661539e-01
9.850916507049469750e-01
9.996805395391953342e-01
9.985877562620556480e-01
9.743663271352569488e-01
9.672106277672445351e-01
1.000000000000000000e+00
9.463467114292819504e-01
9.999899602493410589e-01
9.678636041339486740e-01
1.000000000000000000e+00
9.706059594484200970e-01
9.832106904046548079e-01
1.000000000000000000e+00
9.084085039525925387e-01
9.959818998613290120e-01
9.959435357547692380e-01
9.255618157131719759e-01
9.881862376590342389e-01
9.370681988182361088e-01
9.999999894632878306e-01
9.694556820293068755e-01
1.000000000000000000e+00
9.999999894632878306e-01
1.000000000000000000e+00
1.000000000000000000e+00
9.370681988182361088e-01
9.881648318051069468e-01
8.902599840375796658e-01
9.370681988182361088e-01
9.708873859964802788e-01
9.999233284255464316e-01
9.789027482638444910e-01
9.618708562949176422e-01
9.370681988182361088e-01
1.000000000000000000e+00
9.439492088632424061e-01
9.956357380042254457e-01
9.977266436144383022e-01
9.930842911880812807e-01
9.978726869418197420e-01
9.952131264017536338e-01
1.000000000000000000e+00
9.875628780256554551e-01
1.000000000000000000e+00
9.999578372545885330e-01
9.999999894632878306e-01
9.980117936460065620e-01
1.000000000000000000e+00
9.759762460725005528e-01
9.762726409040231035e-01
1.000000000000000000e+00
9.975650726231235499e-01
8.993335366188889290e-01
9.819871689695902628e-01
1.000000000000000000e+00
1.000000000000000000e+00
9.913836899702739291e-01
9.984765815322097504e-01
9.700906940480065188e-01
9.983453161480471127e-01
9.935563802190677807e-01
9.919959694390675375e-01
9.774186005614310391e-01
9.843915386993785654e-01
1.000000000000000000e+00
9.109122151195673256e-01
9.943313455807217816e-01
9.370681988182361088e-01
9.109122151195673256e-01
1.000000000000000000e+00
9.998298035072513690e-01
9.765125338418566558e-01
9.964970451199970380e-01
9.981465382457026525e-01
9.873267215029377653e-01
9.970284555171300411e-01
9.983190373399122297e-01
9.908395212210312497e-01
9.109122151195673256e-01
9.870185501511994364e-01
9.903537421994342838e-01
9.985643525434308998e-01
9.918357337809575736e-01
9.701519393142646885e-01
9.942444022617225041e-01
9.838461298675668099e-01
9.933840719603468372e-01
9.739597327315003827e-01
9.983669344628179898e-01
9.713620413406149900e-01
9.999725455516956796e-01
1.000000000000000000e+00
9.698419721835310758e-01
9.694145922666332904e-01
1.000000000000000000e+00
9.985077060582614461e-01
9.546626846107022502e-01
9.977521306449602667e-01
9.889509761756618555e-01
9.970830822215370759e-01
9.999578325572483495e-01
9.992316043721009011e-01
9.688780088441174554e-01
9.656002084414063713e-01
9.985921590171772388e-01
9.822397445904512692e-01
9.982635860869322197e-01
9.832245840421872662e-01
9.600470250982646725e-01
1.000000000000000000e+00
9.999318590916311811e-01
9.987892079155561431e-01
9.432132273941915557e-01
9.530953246963274061e-01
9.779001669355881221e-01
9.966472604791697387e-01
9.979946062836927423e-01
9.895281827949693465e-01
1.000000000000000000e+00
9.839871511194807630e-01
9.946478482012535149e-01
9.967869788474049697e-01
9.984755800427269623e-01
9.370681988182361088e-01
9.978040795071908553e-01
1.000000000000000000e+00
9.948288877589214207e-01
9.942838822532682475e-01
9.850017041950227537e-01
9.937662464169504384e-01
1.000000000000000000e+00
1.000000000000000000e+00
9.964121165235507727e-01
1.000000000000000000e+00
9.712867533832204581e-01
9.901599241202431179e-01
9.940453293088107323e-01
9.998868756940572089e-01
9.985910615793122114e-01
9.898250189074749850e-01
9.855112600406803480e-01
9.864849649086416816e-01
9.772686955615271787e-01
9.999999894632878306e-01
9.964543828865798369e-01
9.985732552186409317e-01
9.693748495918285135e-01
9.915926558795412626e-01
9.873617729677898192e-01
9.916137533178368546e-01
9.796258516912256242e-01
9.996509001322991805e-01
1.000000000000000000e+00
9.370681988182361088e-01
9.885666355962415830e-01
9.993880940292964032e-01
1.000000000000000000e+00
9.835264854587827399e-01
9.973752436615875849e-01
1.000000000000000000e+00
9.974203731050594879e-01
9.949082328107875517e-01
1.000000000000000000e+00
9.857080921373898574e-01
9.553906443586710484e-01
9.784911362891751674e-01
9.714098592372276686e-01
9.651109949863697635e-01
1.000000000000000000e+00
1.000000000000000000e+00
9.907921912593720126e-01
9.903462543780283678e-01
9.999999894632878306e-01
9.370681988182361088e-01
9.994417515687622489e-01
9.370681988182361088e-01
9.999999894632878306e-01
9.370681988182361088e-01
9.691772978913502090e-01
9.888404814705845647e-01
9.370681988182361088e-01
9.557156335035988937e-01
1.000000000000000000e+00
9.727934445672535846e-01
1.000000000000000000e+00
1.000000000000000000e+00
9.263400599054114615e-01
9.985011011082360888e-01
9.999999894632878306e-01
1.000000000000000000e+00
9.970388599949464581e-01
9.884961199735903259e-01
9.949341980225849813e-01
9.999999894632878306e-01
1.000000000000000000e+00
9.370681988182361088e-01
9.370681988182361088e-01
9.484280755945720953e-01
9.965783616255072808e-01
9.932896440654807035e-01
9.837869884745702453e-01
9.946793330517151865e-01
8.907806962282309726e-01
9.946732989742107511e-01
9.970371401282203117e-01
9.859938350013246477e-01
1.000000000000000000e+00
9.370681988182361088e-01
9.996490839701674957e-01
9.370681988182361088e-01
9.999999894632878306e-01
9.940356261623175538e-01
9.985811865777177720e-01
9.972405579218175387e-01
9.524573979408091917e-01
9.370681988182361088e-01
9.997457705897121460e-01
9.999035810626452081e-01
9.972973405551094350e-01
9.955042455374840671e-01
9.462129701393658943e-01
9.752533609573976747e-01
9.210808786003066295e-01
9.937163878372512471e-01
9.833351420956257805e-01
9.225457015989311227e-01
9.566675053700235409e-01
9.764538979470342994e-01
9.224193672293133917e-01
9.284621698135913093e-01
9.841612766292656689e-01
9.564853216587513307e-01
9.370681988182361088e-01
9.949261300395374485e-01
9.980095574817978710e-01
9.948915408114196168e-01
9.833658156754176982e-01
9.822481755997469755e-01
9.999999894632878306e-01
9.868344082889353164e-01
9.965091535400441014e-01
9.966694446105858196e-01
9.850263257923765892e-01
9.966807981752775492e-01
9.838002471077466060e-01
9.965964883844032896e-01
9.956744432610331597e-01
9.999999894632878306e-01
9.999999894632878306e-01
9.370681988182361088e-01
9.370681988182361088e-01
1.000000000000000000e+00
9.963789474456340445e-01
1.000000000000000000e+00
9.946415278291605988e-01
1.000000000000000000e+00
1.000000000000000000e+00
1.000000000000000000e+00
1.000000000000000000e+00
1.000000000000000000e+00
9.932099303599706275e-01
1.000000000000000000e+00
1.000000000000000000e+00
1.000000000000000000e+00
9.962145866658904669e-01
9.956036812123585378e-01
9.735470427665962045e-01
9.930254118289248977e-01
1.000000000000000000e+00
1.000000000000000000e+00
1.000000000000000000e+00
9.928107248173552168e-01
9.898309510231300123e-01
9.992018198200990353e-01
9.987910460458785389e-01
9.988224891713300968e-01
9.748865076767210258e-01
9.894832502883217362e-01
9.928960788324089348e-01
9.989673482572928309e-01
9.968410049771005976e-01
9.999856974233330975e-01
9.982897880347747499e-01
9.980114714424144218e-01
9.555225753408627121e-01
9.982073962011921431e-01
9.851705012151132923e-01
9.800458040071291510e-01
9.332783286289918490e-01
9.970107468603128797e-01
9.828586284098093095e-01
8.675103998859590160e-01
9.306473510518434855e-01
9.885466453243183516e-01
9.798757437276677251e-01
9.936554556983547837e-01
9.945118131803192263e-01
9.670908246501038752e-01
9.945581779846127679e-01
9.999016304135373012e-01
1.000000000000000000e+00
1.000000000000000000e+00
9.903574647536148579e-01
9.997480211727705068e-01
1.000000000000000000e+00
9.971110677573528092e-01
9.884115685642749227e-01
1.000000000000000000e+00
9.871552828783851652e-01
1.000000000000000000e+00
1.000000000000000000e+00
9.964727410771485605e-01
9.931801513000575454e-01
9.861609269027318270e-01
9.228862243787155917e-01
1.000000000000000000e+00
1.000000000000000000e+00
9.453556039056211224e-01
9.228862243787155917e-01
9.516049861811466393e-01
9.420859398263843332e-01
1.000000000000000000e+00
9.370681988182361088e-01
9.384835946911957993e-01
1.000000000000000000e+00
1.000000000000000000e+00
1.000000000000000000e+00
1.000000000000000000e+00
9.843897072123335423e-01
9.960915854851727369e-01
9.979461076705919975e-01
9.979832144602773791e-01
9.975879746687761340e-01
9.975879746687761340e-01
9.420859398263843332e-01
1.000000000000000000e+00
9.420593472607191599e-01
9.969731725824172441e-01
9.586695766464281565e-01
9.974076250179613190e-01
9.587431051219760247e-01
1.000000000000000000e+00
9.877912519872219521e-01
9.939066919128124455e-01
9.937945889295211055e-01
9.977440958474563804e-01
9.983483749191568446e-01
9.975726064518753988e-01
9.804283543138041512e-01
9.820004088810275755e-01
9.484323613397163122e-01
9.804962761783863057e-01
1.000000000000000000e+00
9.967875178695395633e-01
1.000000000000000000e+00
9.999497862329216336e-01
1.000000000000000000e+00
9.754591181234426589e-01
1.000000000000000000e+00
9.732340330307391874e-01
9.370681988182361088e-01
9.162194456305052803e-01
1.000000000000000000e+00
9.914010991105166593e-01
9.979839409071054046e-01
1.000000000000000000e+00
9.940050538550716519e-01
9.966131903390786917e-01
1.000000000000000000e+00
1.000000000000000000e+00
9.592403095906064658e-01
9.976108856674184011e-01
1.000000000000000000e+00
9.988307339655494443e-01
1.000000000000000000e+00
1.000000000000000000e+00
1.000000000000000000e+00
1.000000000000000000e+00
9.977847592157026435e-01
9.622509913186031438e-01
1.000000000000000000e+00
9.990583889664732542e-01
1.000000000000000000e+00
9.555225753408627121e-01
9.555225753408627121e-01
1.000000000000000000e+00
1.000000000000000000e+00
1.000000000000000000e+00
1.000000000000000000e+00
1.000000000000000000e+00
1.000000000000000000e+00
1.000000000000000000e+00
1.000000000000000000e+00
1.000000000000000000e+00
1.000000000000000000e+00
1.000000000000000000e+00
9.947486982431403835e-01
9.852574331030165000e-01
9.834478436936281431e-01
9.967131598546349336e-01
9.992138464932358577e-01
9.962225404106519466e-01
9.913997790100844698e-01
9.378294498360224551e-01
9.997765676334886553e-01
9.839366836172457331e-01
1.000000000000000000e+00
9.847090778182852056e-01
1.000000000000000000e+00
1.000000000000000000e+00
1.000000000000000000e+00
1.000000000000000000e+00
1.000000000000000000e+00
9.929651902137541786e-01
9.080830046638300734e-01
9.791690264444876668e-01
9.563569171698086402e-01
9.298708278937520832e-01
9.921291433845039753e-01
9.848431083783235618e-01
9.996211794753564472e-01
9.831726625075015713e-01
9.911198622141590420e-01
9.914869232212513150e-01
9.136711383815546705e-01
9.881453434839142513e-01
1.000000000000000000e+00
1.000000000000000000e+00
9.863694624552572510e-01
9.370681988182361088e-01
9.905944298527732395e-01
9.967648973399526602e-01
9.937336899550900382e-01
9.369062497302839132e-01
9.729332321252954774e-01
9.370681988182361088e-01
9.817740966779266998e-01
9.370681988182361088e-01
9.912292772240141048e-01
9.989393513661378732e-01
9.968911321872993003e-01
9.899237802146443332e-01
9.830392790174842244e-01
9.696172353603097482e-01
9.209130937260137095e-01
9.649626542394493800e-01
9.442895576661914925e-01
9.654637283424871708e-01
9.558544711559752161e-01
9.618962319140765826e-01
1.000000000000000000e+00
9.999940576213059984e-01
9.741535293176238897e-01
9.985929195646071621e-01
1.000000000000000000e+00
9.989558567028479219e-01
9.792405469151899133e-01
9.445444976797974235e-01
9.985936778376300893e-01
1.000000000000000000e+00
9.958757540418560206e-01
7.588197114635281126e-01
9.441298596201295190e-01
9.370681988182361088e-01
9.360992511020216345e-01
9.967330173191586429e-01
9.728345539195550895e-01
9.873069609178150019e-01
9.957605202632224817e-01
9.961787827035915033e-01
9.994465021296746743e-01
9.384726419174784784e-01
9.632967559954526138e-01
9.789182433400466232e-01
9.984815276813530094e-01
9.992511635374080603e-01
9.953642313158134192e-01
9.960140410110915887e-01
9.957346670035500669e-01
9.912205883267349860e-01
9.926717124564062855e-01
9.995005488547424877e-01
9.960552150775568991e-01
9.973350045912656725e-01
9.690739702161770275e-01
9.755486391613861219e-01
9.980696918031104481e-01
9.796180012129001025e-01
9.772334497128126740e-01
9.952226298411425143e-01
9.951930398888125806e-01
9.627418373553952025e-01
9.951271895278553936e-01
9.963231708951886256e-01
9.970344600801576140e-01
1.000000000000000000e+00
1.000000000000000000e+00
1.000000000000000000e+00
1.000000000000000000e+00
1.000000000000000000e+00
1.000000000000000000e+00
9.913338800863952249e-01
9.985607858508647183e-01
9.944616864137864054e-01
1.000000000000000000e+00
9.614843942651193354e-01
9.936963742910711606e-01
9.996704962597804389e-01
9.370681988182361088e-01
9.504261634723634167e-01
9.989434346038637003e-01
9.877193320527187792e-01
9.759815366689492677e-01
9.995524032538088965e-01
9.968081897394578395e-01
9.499686814385241984e-01
9.167233293955310280e-01
1.000000000000000000e+00
9.990305487357390435e-01
9.877839838863889943e-01
1.000000000000000000e+00
1.000000000000000000e+00
1.000000000000000000e+00
9.999747090549208073e-01
9.818096660695416755e-01
9.370681988182361088e-01
1.000000000000000000e+00
9.787952934825286944e-01
9.995309209041398635e-01
9.898527496545510562e-01
9.999999894632878306e-01
9.999999894632878306e-01
9.974783077398149400e-01
9.577367748498686328e-01
9.985940781824029777e-01
9.994155794005080695e-01
9.999999894632878306e-01
1.000000000000000000e+00
9.999999894632878306e-01
9.999743299568388810e-01
9.999999894632878306e-01
1.000000000000000000e+00
1.000000000000000000e+00
9.999999894632878306e-01
9.999999894632878306e-01
9.999999894632878306e-01
9.534748230224517895e-01
9.979951346784809996e-01
9.917664128915053556e-01
9.979951346784809996e-01
9.999161938730213306e-01
9.998393844191869606e-01
9.967603115465158981e-01
9.999999894632878306e-01
9.947975150047612125e-01
9.999999894632878306e-01
1.000000000000000000e+00
9.682486913573946641e-01
9.999999894632878306e-01
9.765573439711069392e-01
9.985941393069215355e-01
9.999999894632878306e-01
9.865827191117418904e-01
9.891951139066492704e-01
9.999898697088320798e-01
9.999898697088320798e-01
