9.920072080874269282e-01
9.552660234359600100e-01
9.688503262648742176e-01
9.900403932531345319e-01
8.788698222432652640e-01
9.846946643087817197e-01
9.938489784719493070e-01
9.809526497407136114e-01
9.442197286524754984e-01
9.737740348221618492e-01
9.939846628488120395e-01
9.861536256619086727e-01
9.728981988585411189e-01
9.088426200436073854e-01
9.866448906943665609e-01
9.800540096004847213e-01
9.370681988182361088e-01
9.957702513392455712e-01
9.753827446451992511e-01
9.912222708361486667e-01
7.863891831059215409e-01
9.370681988182361088e-01
9.407118116354893367e-01
1.000000000000000000e+00
9.370681988182361088e-01
9.860668966718744155e-01
9.895866325466085023e-01
9.293928364930599262e-01
9.726888094451336952e-01
9.973926821107589324e-01
9.933109080544663128e-01
9.895131065873106202e-01
9.529622845938745535e-01
9.884367324555894951e-01
9.767466505815802780e-01
9.883930783050471902e-01
9.807330195181903632e-01
9.525933981964973540e-01
1.000000000000000000e+00
9.970385248056862215e-01
9.370681988182361088e-01
1.000000000000000000e+00
9.370681988182361088e-01
9.188647282551755113e-01
9.922238386267904220e-01
9.830012826835883288e-01
9.370681988182361088e-01
9.942544835944249204e-01
9.944161566434844834e-01
9.708540158792573482e-01
9.228862243787155917e-01
9.985501054576834123e-01
1.000000000000000000e+00
9.941594451455449954e-01
9.939895907327955804e-01
9.553652926845958016e-01
9.999942586423439250e-01
9.359299283686739468e-01
9.919288901248614065e-01
9.552613216230027016e-01
9.458496016131878736e-01
9.685935101068231523e-01
9.504744249798746658e-01
9.370681988182361088e-01
9.667479726572238974e-01
9.441495855037786988e-01
9.794056072494017329e-01
9.725057503677385640e-01
9.875758145765664020e-01
9.561321675458566149e-01
9.964854740327482308e-01
9.905338577901435793e-01
9.903084585646362292e-01
9.685139281686295787e-01
9.997433077059585393e-01
9.847132530188399402e-01
9.906641296506649708e-01
9.228862243787155917e-01
9.979891074819369212e-01
1.000000000000000000e+00
9.917062816653020585e-01
1.000000000000000000e+00
1.000000000000000000e+00
9.968942110709974047e-01
9.109122151195673256e-01
1.000000000000000000e+00
1.000000000000000000e+00
9.999999894632878306e-01
9.370681988182361088e-01
9.277013138259035951e-01
1.000000000000000000e+00
9.996542080458220569e-01
9.985261823654127955e-01
9.765595430121009057e-01
1.000000000000000000e+00
9.776365239164603871e-01
9.756450089087349564e-01
9.689834242304301570e-01
9.760342626803540922e-01
9.568302767099055028e-01
9.913214440447033482e-01
9.979192882649343677e-01
9.419200685562423292e-01
9.999999894632878306e-01
1.000000000000000000e+00
9.370681988182361088e-01
9.979609539648897076e-01
1.000000000000000000e+00
9.994724668976214810e-01
9.961692471918046632e-01
1.000000000000000000e+00
9.904449799742545135e-01
1.000000000000000000e+00
9.992168143831325899e-01
9.975631709783785439e-01
9.991441895904825676e-01
9.985578036723915529e-01
9.999999894632878306e-01
9.848686501304340091e-01
9.901777129400454180e-01
9.999914803140267372e-01
9.598405619643373132e-01
9.764848353457701302e-01
9.894111954829871713e-01
9.983617486904482474e-01
9.370681988182361088e-01
9.985247824617655699e-01
9.596769983165116535e-01
9.899067242770084318e-01
1.000000000000000000e+00
9.864693510640416552e-01
9.999965606873919555e-01
9.975650726231235499e-01
9.985941490388348107e-01
1.000000000000000000e+00
9.973390765192498009e-01
1.000000000000000000e+00
9.999966221989431414e-01
9.583328857270722034e-01
9.563420806510898320e-01
1.000000000000000000e+00
9.707666612171699239e-01
9.832671913148416376e-01
1.000000000000000000e+00
9.686627756868247952e-01
9.999836427190428312e-01
9.965338518501063447e-01
9.881823514421533838e-01
9.370681988182361088e-01
9.370681988182361088e-01
9.740554865564011733e-01
1.000000000000000000e+00
1.000000000000000000e+00
1.000000000000000000e+00
9.510456771197226544e-01
9.963852650359337204e-01
9.956694083875569090e-01
9.895831917845856474e-01
9.829359270949789007e-01
9.684632638540779936e-01
9.985930447097722817e-01
9.833410300280784888e-01
9.991102802781258729e-01
9.989498616556239385e-01
1.000000000000000000e+00
1.000000000000000000e+00
9.949776540552457416e-01
9.556117073077576851e-01
9.881333782494521323e-01
9.999999894632878306e-01
9.985912104509129250e-01
9.687781681893068431e-01
9.689290585105824194e-01
9.907921912593720126e-01
9.903462543780283678e-01
9.974485299304752806e-01
9.875847021167569739e-01
1.000000000000000000e+00
9.446283904345526006e-01
9.936069753903791213e-01
8.907806962282309726e-01
9.991816135971213209e-01
1.000000000000000000e+00
9.988768471481109801e-01
9.752008406729111289e-01
9.362629824885032592e-01
9.217234710324435643e-01
9.370681988182361088e-01
9.969680190377046003e-01
9.999999894632878306e-01
9.876453025002451813e-01
1.000000000000000000e+00
1.000000000000000000e+00
1.000000000000000000e+00
9.731492859845962684e-01
9.968396432710139310e-01
9.985938330813992625e-01
9.963216294825911756e-01
1.000000000000000000e+00
9.995283521740220278e-01
9.940781378628880116e-01
1.000000000000000000e+00
9.907324383539576340e-01
9.999881184004824064e-01
9.389007293077993310e-01
1.000000000000000000e+00
1.000000000000000000e+00
9.420859398263843332e-01
9.996788384417125695e-01
9.864228792021415559e-01
9.994290417859891251e-01
1.000000000000000000e+00
9.975455821465689654e-01
1.000000000000000000e+00
1.000000000000000000e+00
1.000000000000000000e+00
9.555225753408627121e-01
1.000000000000000000e+00
1.000000000000000000e+00
9.920966357983931339e-01
9.917555925218576318e-01
9.861638414200237790e-01
9.990921840919495533e-01
9.731630231226516825e-01
9.805906081650254125e-01
1.000000000000000000e+00
9.961532026681017005e-01
9.930914602727148877e-01
1.000000000000000000e+00
9.887652870258970550e-01
9.217366986856829758e-01
9.980114028466461340e-01
9.960331855686257452e-01
9.370681988182361088e-01
9.434481466644843994e-01
9.995757033258882984e-01
9.879821621699123035e-01
9.809426464307846594e-01
9.974428616465319530e-01
9.963285405500377223e-01
9.934682501261796750e-01
9.680878164732898972e-01
9.965548132348414079e-01
9.970375959558216428e-01
9.970344600801576140e-01
1.000000000000000000e+00
9.635951657655164038e-01
9.370681988182361088e-01
9.879822941874469855e-01
9.993587162287530523e-01
1.000000000000000000e+00
9.817896323427821592e-01
9.999999894632878306e-01
9.999999894632878306e-01
9.999999894632878306e-01
9.999999894632878306e-01
9.992288360446334172e-01
9.934740651475488793e-01
9.555225753408627121e-01
