9.562695003515032655e-01
9.779110059338699257e-01
9.959158653290410834e-01
9.936615847907809274e-01
9.912905195601572350e-01
8.867608234227221109e-01
9.873360639273618400e-01
9.838469315849904806e-01
9.364875793085641886e-01
9.370681988182361088e-01
1.000000000000000000e+00
9.619857434319494249e-01
9.511279554740618147e-01
9.863188725489147046e-01
9.605270478803151768e-01
9.999962805704680768e-01
1.000000000000000000e+00
1.000000000000000000e+00
9.811698412784871648e-01
9.866627801416313348e-01
9.968857337837562227e-01
9.999999894632878306e-01
9.995998228279027176e-01
9.885316793812792824e-01
9.781479780832758042e-01
1.000000000000000000e+00
9.973192967637887207e-01
9.969186079429951386e-01
9.808659638518781865e-01
9.370681988182361088e-01
9.370681988182361088e-01
9.938766415937272392e-01
1.000000000000000000e+00
9.893945892686799581e-01
9.903462543780283678e-01
9.999678595666278147e-01
9.831965389687004064e-01
9.680925025127424810e-01
1.000000000000000000e+00
1.000000000000000000e+00
1.000000000000000000e+00
9.830061167720385296e-01
9.985941943673302124e-01
1.000000000000000000e+00
9.675298647074864755e-01
9.990921840919495533e-01
9.853119494124726874e-01
1.000000000000000000e+00
9.976785292617401657e-01
9.957795188440528023e-01
9.970375959558216428e-01
9.370681988182361088e-01
9.999999894632878306e-01
9.953793739925131945e-01
